

5954
4184
4840

920
4788
10725
3925


2986
53296


13014

31728 34895
4532
71362 114867
990
15038
13763
4835




5967 7762


36670
13052 13015
3486

12552 12535
10480
13872
47845 47864

23778
13872 13870

47909



15478 15468
4993
12549 26743

87139
286
22243 22437
16280 3926

28849
369




2520 11710

10081 15478
21231
77265





33028

2527

2413 46764
2552
36568 32777
13153 13176
18707


27917
27116 2413
15566

13589


28175



9471 4284
5097
348

491
15834 15718
2585

4
11441 3926
75
18947
13626 13601
7424


99959 10653
56495
43367 29479
7301

320

22372
76795
4420
31634 40213

23220
4446
920

56495
3475
18627



13004 12986
55720 15922
829









19470
75429 62271

13872 13870
8755


498
39497
15852

44022

14904

1891
5886 5893


32183
12513 12509
3613

920
68865 151362
11759
14975 14983

920
3151
27298
34862 13872
13724 13721


77 75

3594





1229




48352


12830
13014

17061

70723
162070 39020
28206




2027

8544


3142 1965





11072
2134



23669

104698
17709

26982

13004 12986





30237
38150

8660 14405

61561

45111
19643
3123
3405
14969
13852 34876
6638

66425


39594 39592


7840
21967 29701
4
16778
13825 13832
26982

30579 99959
320
1582

4788

83473
11466
24088
14958 13872
459



68895

27727

20751

4407


16733




3906
25802 59617
348

23965


13842
50465
15269

70700 126336
5459
457
20665 20685
28231
2538
8237

17443 8793
126336 70700
3411
36914

49013 58383



13872

14637 11707

63936 48238
40184 40288
104698

41317



14633 11707
27283 27356
35962
40226


16883



27886


75352
99681
66783


25840 24545
219 191
13825

17443
5411






44022 10366
4446 13015
3083

42503
2069 2068
2067 2068


2067 2069
33869
2067 2069
27824 40120
35373
13179
13434
2413

17357

6659
2520


21862
35258 146449
4498 4496
5764

5111 5097


920 896


4493


48248 40136
2143 6024
2739

12975 15148

38158




2275

13046
1321
18341 3004

26982
1649
4537 4513
11511
64295 140

111
5301

51779

33294

15191 13837
56495
135 159

63933
26982

5886

31575
12181
13337

87681 48239


113520
29037

4
54049
7408

27283 27356
35995
4

16894
28656 56572
30522
1292
920 896
29


1628 2594
1614
18969

787
19455

905 958
42226



8438





12348
2124 2547
6812



65609 87287
88759
13872

21090




13872

46903

19853

29940 23626

23220
4971
12975 15148
81642 65277

28179
60431
1898
8795
4483
32203

39380 4489
4003
42945 27638
13837

2414
380
45113
2413 2552

59293 5695
1965 7934
13512 13513
32159
31048 5447

24222 3141

27918
9131
38749


1944

70873

102219 113619

8758
896
40784

20907 40712
1588

835


4547 4507



7436
48865
47909
10055

23619
2931 3606

88900 75615

3200
13872
2731 2573
125083 1641


2965


9784
2357
13837
60435 60434
18959
27293
69475

28176 28179
21378 40601
6376
3408
140


320
192 19948


29683
3543
2721
13872
36423 36414
4510 4504


14790 14791
4907
2118
5885
10049
14983

99113

4496

46677
3472
2523 102219
4788
19469 19455

27338 69523
26530
3602 5886
14838
80324 80327
19492

62679



69965 29646
33406

10894


32385
66065
6024 159


18971
1201

191






31937
162104
57571 74407


21989


28634

18947

1039

2970 2982
33456 84529
13872

13207

2702

3201



14722
126199 126200
39921 24066
6024
11919
5459
71897

35747 3505

21655

13825 13832
29404
2475


13511 13512

13763 21869

4063
15141
77272
896
4

20442
23647 1641
2069 2067
22482
3708
185





21869
5164 63628
34234

23220
829

13872

20856

50548

4799
18516 14177
6008
920

122410
4781 35734

6008

12826


53996
56798
6009


3200

6475
8460
22369

320



4985
80487 62271
5147
14465 28799
60440
15346
15609

49955 7404
20798 6361

12507
87849


19893
3302
31575
941 996
57383

57065
29122
29764
920

888



4971 2700
21967 29701


102728

57459 112624
28933

29940 32153
13872



13837
191
25209 10071

1558
22067 21869

8310

13192
55828 5104
3493 10701
10071
13872

10618
26982

3248
13837 15206


17728 112740

1292
87287



4981
75618 70768




14177




27938

10071
65777 112667
66550
80
17847

2998


27972
1364
14587
3816
19469

3640

13872


17611 69213
348
16199 16214





16733


50465 57455





920


13258
5493 5494




2087
2087

126195 126206
121311
32378



20665 20666


26982
62271 23801

20135 2345


15003
2523

459 470




20126 100004
28231

15115
2710 62585
55643
33206 69528
75 130
15397 14459

14637



41381 41411

26549

1197

42265


34833


7359

40288

15819


10071
958

41916
32178
11919
17437 8793

2350
2970
11489

70227


26982 26999
812
36195
47198
1950



1937
13724


20079
24065 47208
4504
36670


53897

1077



57152
30522

303

69677
14177


17728

69136
15284


896
15601
5383

6184

12989

1215
16811 16814
59840

10071

26982




27918 63811


787 14566
45113
55672
16222
93132
53390


19836
24032
34895
1507
9465
32235 8808


36848
76619


30522
2134 2471
19708 19716






10093 25179





8025 800
12978 13147
5916 155564
920 1063






41039


61143


11542
11865
13872
13872
13147
6872

35 51
6879 11845
13837

52869 2971
8086
26406 33941
32058

10925

11707
87826


14790 14791
812 829

7102 7116

16883
2128
79519
2414


33149
10071

2931
1946
14818

59298 59293
6024




3576 8077
36424
2538
135525
31048 153401
15284
14891

158570
28591


2526
194


48232 40120
2548
3594


61626 23909
22367 66336
2405

23477
2345 20120
92117 92109
36494
14939


114332

68835 13848




2878


88901 75615
53296
16894 39269

26745
5893

2931 2122
16277 23789


6006 5097
40936

48237 97999

5953
27298 54318


17708
13872


23626 32153
14818
5953


15284
29646
55218


15833
369
19636 17283
5886 7408
320
10098
13825 13832


4861

34932


23505 23477
19470 19469




48337 48326

4851


102418
3488
38266

24817


19688
29080
2490


34932
2413
54336
2124
10857
70873 13872
4985
10071
26743
54987


893
2702

26743
32950
36119
1508





4971 2700
15376 15284
51561


7539 5695


23852


920
27213

920

14983
26906
22959
6872
5886 5893

4
69136

7287




6008
6681
63931 48239


19470



55719

13872

13872
5447 31048

19874

27204
69215 47909
6024 159
4440
28179


69222 47909
40150 63940
2124 2547


32907 32893

1017 955





28179
5234
76584
74044
13229 4981
10857
14151
2124 2547

53390
7424
26082 7975
13825 13832
6009 69677
15269


920 896
17756

38297

13062

16205

28242



32777
13872

10071
57152

56572 28656


8994
13872
52342 13825

37533


15038
4
68830


13856 13832

13873
905
15470 15468
6567
6462
54803 6448

42945 51561
21348 21388

3816
8815
14975

14883



77
41314
49360
27914
30821




34927
27172 73763

6024

19893
26670

33899 32893


32890

16194

32385
18960



31870


19867
51563 17489


26479
2731 2573

15834
16060
320 6361

23606
13872
66 114498

24534



135 133

13837
9759 10057
31575




191 219
1505

11480
23618

10855

3442 3408

920
7316

15201
787

11450
13825 13832


60747



15148 12975

62801 58233
16894 39269
77
17113



4
15246


2128
2548 2810

920

191

5708


3004




41992 12643
43393



20836
6012
118847 17728

920 896
4526 3505


82847
2878 64066
29559



54803 59458
10909

13825 13832

2731
5493 5494
46928
17422
74043

61626 23909


20135 2345
33097


6627
26949
14283

9698
9682
297

9698

896

10894
159
8086
5094

26743
13872
12430

17740

920
21375

36969
2275



62716
38013

29764 29770
55445


1008

13872

5162
12976
4847

13872
15489
2931

2965 32843

5111 5106
34883 13872

22243
4840 4788
486
4003

57

42265 81642
14125
28242


1197
13871

19857 19853
20674 33456
15576





35



5886

55672
44022
41394

103099 58512




7359
5401

13228

81642 65277
7721 16897
16224

3823

69213 13855
18826 18817

13763

5995




17613
81870 17210
13837 11489

5467

26479 8558



191
5164 59
40070 40073

8047 9525
13872 13870
97 26


4851
2660

47497 6012
10130 10146
920

5886 5893
5005
29122


32627

32377
66834 60192
13872
62833
190
50288 8203
60948 15256

27295
32385
3594

23957 23768
55555
75 130

4788
39419
10597


3176

41318

20070
2080 2992
16225
35933
13828 13899
12427


348
68857 13825








6872
958
68067
3336

69744

3544


190
28684
4851
40712




13842
127 26

15535 15486

13825


9580
11441 20620


49950 49974


7359
303
20772 14484
1965

303








21139
14179
22269
15038
27914

20058
40882 40850
3408
22192
77967




73771 41174
10071
12986


3145
6879 4972
6735
32153 32152


15201
10925 811
17724 20079
74717

16298 75470
51635
2565


2992
15831 15833
3920
57065

12459

19877
34862
10035 10062



57152
2538
60192 13054
99094
57182




27896 32378
13848 13856
15134



7116


16225 21920


32200 8808
8580

21348 21388



28349

55066
90830
15561
22599
41318

29073
7436
89412


14524
2141

9580 9581


2128
52341 10087
38437

3011

38719


57897 57905
68273 68274
3141 24222

2696
2926 5446

46909
41318

990
13872
48788



19469
51
8040


5119

47882 13207


14151
5164 10653
66775
22596
31575
3505 33794
190 7089

13872



2998 7436

20079 17724

40229






22322 41039


25713
99142

800
20409


3007
13872

1906
4260
6376


13872
13819 13828
12549 26743
28469
70224
70653 28677


4971 2700



2702


81642 42265
59




7359
10071
13825 13856

5106 5111
26

829

219 191

118843
13825 13832

23220
48894


11728
9580 9581
69744
48595
13852

51
32153 32152
28242




4794
26982


17420



5886 1965
6044
163585 3163




13870 13872
6571

13825
122410
896
115683



1558

48236 40120

3515


8230

25775


24534
5886
26982 26999


35585

7359
16012
320
48433

2520

13147
29209



29234
14790 14792

23844
1078
2223

2223
32153 23626

13870

62277
19469
54282
13052 13015

107589
13795

5173

55826 1025

320
4697
42544
9778
14837 8544


27038
21672 7212
3405

69660
48



40195


55445 12378
19853
6024 159


122163
52080 33206

24065 47208

13763 21869
2124
92166 92895
3165
38994

15284
56097

3498
53187
2208
24391
4

1976 24222
13872


2697

28469

117626
21139
27298
16188
5187 5485
41005 835
31575

3163 163585
26179
131
25974
4357

13825 13832



77230 51561
10769


26668
2538
13192

118550


18528

7380

2702
16225 21920

69217 69219

7973
60959
20856
27038 48237
13825 13832
13258
60297
14798
15724 65338

28242
812 829
5699





14819



320





46281 15834
110613 104698
97133
112225 17206

14429 14392


4
4980 4985
18658
12378 55445
46909


22600

16821

32883
13842
5427




32821

48858
11865
46903

1950 8778





93132
22869


10071
28242
22869
7406 5886

51026 36033

38217

8876
56801


13825
19893



47849 47868
68273

47616
26982 26999
4051
29188


13872
69213 13855

13825 13832
103843

51
35
9698
41058

99259 85824
26530 45188





217 522

43716
8815

13856 13825
13028





2710 86689
48329

826
13872 13870
39594 34674
26737

1614 1995

40058

13828
48717

13763 21869

31456 31457



958
26982

812


26982 26999
48788
8188 16897


13721


3407 2026
2054 14410
219 191






26007 26008
43708
7900


12549
17194


38051 38217
28582

27293
41790 41782
26007 3534

135

24815
4776

6361
12513

13763 21869
2721

2791


15686


13075
70690

56572
20751

12564 26745
84150


24577

27830 52342
13864 15563

34883
15535
23852
22444








13825 14740

13825 13832
47502 6012
30571
12975

23505 23477
74433 25120
4

13763



41039

997
812 7973
320



5392


105811
13872
7314
6625
1891 38236

97133

13763 21869
10130 10160


114867 108938
41818



15436
12623 49974




38450
6024



53115

920
6008

20424
10926

1944 1965

14975
149638 1641
10160 10130
53615

13872
15206

1950
53187


4871
54999
32385


28886 103246

27285

5152

1641
17916
16811
27346 27318


31675
9104
35321
13872



495 36224
51
41786


55019
48433
53187
47845 23619
13031 13006
25713
29764 29770


13000

69136 102730
80340
29701
31049 160332
3906

1965
70885
5411



35787
920
8157 42073
3100
15574
7151
10160 10130
13724
35
26982
9763 8097


15697
13837 11489
13842



80807


4541

2150
13825
66550

320


320 6361
53202


2538
38456
7359
6795


60766 29073
13012

14997


13837
1938 5727

55826 69475
5791
12748

72184
26




11707
28470 42389
48239


3823
13931

13656

35734
320
69965
4003
34140 37450
12485
35955
2538
14818
42583

97185
829
19210


348

3430
2364



5234






46898
69528 33206
27504

25984 14484
42265
17303
123123
27295 27293


41091
11443
1503



2731 2573


9314
92 29
40160
10130 10157


32716 2573

14734
2364
8758 8815
26931 26949
10071
15030
21432
5090 5111
19853
13842

17260 19643
38322 4482


14407

4408
4
63929
13724
10071
29764
888

20427
76795
15209


4851
3405

13832 13856
17061
1938 6812
11461
13871

7102 7119

6879 11845
32132
12126
32014
28469
13837
5187
38372
24606
3165


50272 8203
41174
459
49837

31456 26179
48239
8769
69896
51 26
10062 10035

24817 43716
962
4989 9698
75379 2528
29313
7424
122907 13825

1505
36195


191 219

10067

3548 39419
30206 38372

13763
12378

77939 77937


26982 26999

4980
26982


2080
3921
28179
2143 62371
72710 14837
13763 21869
3405




131


13763 21869


191
4541
24577
75615 75616

64422

8815 8805

91115

2155 11770

68836 13825
15001
4
194
15833
15834 46281
3522



24032

20037
13871





40282



29940 23626



4
10071
33313
16479 66550





13872 13870


13176 38340


35960
2463
122163 102730

33302
8737
27298
14048
13795
16883
13825 14740
3505

70575

16225
41039

3296
13852

2143
13434
97140


13918


13825 13832
5005
5676

68894 68865
13872
18947
40140



29940 23626
29268
2538
8089
40226
33597
19455

49343
7429
24545
70330
48595
107590


9580 9536


13851
15200
21511
5174

26982
1364
40070 64441


30465
22869
21371 40601



13434

16246

2594 2773
97137

13763
10857
11727
16205


320

10714

16280




69995

23628


103737
55563
7974
4851

18826 18830
4


11565
6448
7359

69418



60404
48331 23693
122163 69136

56495

59846


4600


56993 85824
803
7948

52354
12485
3523

17061
15271



17709
24088



3495 9682
4864




9776

31393 31396
2124 23916

48237 63930
9104 35341



787

6285
920



13781

35789 29764

17658
24817
7408
59 10653
15489 40174
48889 6872



13052 4446
2234
12610 9759
59846
2143
56808
4850
2970 2982
20907
4776
26911
14706


13872
35
3165

38944 19893


13837 11489
5177

13825 13856

12550 28158
9759


7957
12975 13147

4643
54164
14969
13872


19493




77941 74
8444
26982
32385


76374
41318


5519
1505

5772
5448 2270



13870

4
81349


191


320
3910
1351
8815
1201 4871
2926
13872 13870
16068



190

190
54311 27318
12538 26735
28242

75616 75615
49609


59298 59293
13872

5493 32251

35734
33239

163
19893
13872
2933 159
13825

8792
38340 64575
3920
5764




2548
9405

3146 9405
23937

2547
14548 96428


812

17655 34257
13825 13832
3517 132162
1250 191
112225 26408

32153 23626


7324


4834 16428
91429
4508
28656 28677
4498

33597
4985


79551
19469


27286 27295

9581 10096
20836

71987
13931
23937
23610

7934 1944
21229




15243 15724

13337
20756
4709

20620 3926
8046
13856 13832
3165 2565
24817
13872
35196
2067 2069

22367



31049 40574

18947
112740 17728



8776
24222





8774
48595

53430





7796

17724




320 6361
2216


26982
12538 2147
13825 13832
26000
24032
2620




111

140 205


13142 13197
2998 2986

55040 55029


17724

16060
2933
914


3910

2414
4788

52080
16778 7779

2442
1477
32153 32152

27285


19469
1229


896
1558



63714 47489
2150 3761

1944 1965

28454





36848

13872
7436



102730
13356

8815

51
34932
13858

100004 60408
79390

13828

50321
26222 3004

16428 11728
22369 22162

13872

13062 4432
27523
194


64422
41318
66122
31870
27163


13825 13832




97002 95276
13763
13147
9580 9603

8460
920

26982
15486
9759 10057
3468

15376

125679
2118

15468
2414
812
191 219



97133 97137



14401
20907 40712
75616 126204
13837

14963 15932



320
41318

8053
3004 2092
55445 25421
32171 32164
3472
26693
12755



2134


7119 7116
15252

46267
8824
20823

3505



52080 33206
3552 7975
70768


126240 70700
6382 20856




21655
26
5090 5106


3432

49311
14963 22957



20772 14484




8236
4160
47554 811
3552
10734 9759



2520
2528 75378

4789
69896
3004
80484

42144
21348 21350

97075
18924
17728


28175 28179


1574
13763
98363 69213
9759

13000

31575



50306 29701



30579 10653
19904

66756
33472


15315
64422
36969

3926 21875

14144
28242

5865
47495 7857
47489


18784


49328 40947
19469

4996


11443
9580 9536

3493




53296
920



70723

76291
11574
5570
54847

48986



7119 7116

3920

14815
30299
32762

21724



15656
8821
57671

70768 48238

5306
190 2118
75615 48238
29764


996 999

3142 1944
5234 3145
828
96741
13724 13721
5147
12976 12980
5234
14815

13959
38339 32893
2108
43235 3760
4
19469
5447 6032


13825 13832
8544 14837

21407
40140
13031
4854
13656 67927
8201

26068
29548


6024 10389
73319 118848

9580 9581
4907 36289

1946
23916 2547

25350


7211 13763

15284
37298
920
18993


2234
14459 15397

69890
26982 26999



15284

32183
6462



21746
8553
8544
113993


36819

11845 4972




17933




39021
13837
10926

5676 2345
4842
72184


56801

34140
41282 55434


7392


812

4985

40073 64441



151361 68865
4981 10894
29641 14706
21967

3826


8380
20620 11441

13872
2982
18959

13872



31454
33206 69528
23669

552
115020 39020

72608
19336 19323






3505
25775
28179
48337 22957
66 112522
3548

49443 958


2660
18947
20301 89168
3476
114332

15156
8442
13872





26028 26007

13825 13832


55841


10035 10062
28470 29123


12976 12980
75429 62271
18748


320
144605
47505 47508
140528

2660

15194
2124 3913
87830
8478


33403 15874

320
27951
31454 61599
11511
84273


13858
914 4871
17417 6547




21967 29701
48238
7436 2998
7324

112691 112692
13872
110376
39921
14936 15563

3159

63628 4914
63811
16009

58534 58512
2134



48231 48234

21917 1008

22867


39248 28889

163642
20058
67768
42265 65277

4284 9471
20751
40184


34107
24668
21756
48595

13872
8996
27638
13031


2108
13872



994

4922


3476
26982
20409
12564



35985
21841

21472
13837 11489

15284
13052 13015
5301
11865
79273
78

70676 70723




13147
26982
17167
48966

114015 69213
19719 109944

148

34674

6567
1298
1582 1588
320

102650
42963

109944 8803






13795

9114 9131

19210
13141 13142

27345 27346

2970
191 22068
15397
59293
50288 50272


40140
28886
133507

12459

6024

27295


6795
40601


46714
15499
50548
21862 20442
118880



33057

21756




7324

2134
53202
158982
5234
33472


13832 13856
56230
81349
27298
13837
920 896

12558 28158

920

13870 15540
69530
3432
13872
33066

21862 20442
27295
15230
35789

92166 92896

3432
13837
8667

29268

111741
19904 61143


40150 48238

920


42109 25802

60293


12593

20907
320

4



11719


13872 13870
91115
14036

9784


320

920
25145



27419
5151
71636



13828
6760
77599 39430

35955

13837
8713 47135
110877
4788
80484
69744
8824
5472

59864
8157 42073




811 47554
115020

33294
51
15301
799

41282
6653


4432





2548
28242
48237 27038
915
7975

4922




9915
33294
3066

10857
36414 22184


82887
40118


25209
818
13872

29

51779
958
135 133
10071


90037

48249

11480

41394


73934

87139 114940


9809



13872
5419 5422
13872
13763

63347

14728
2350
42353

15523




8544 14837

97002 97000
28591
2026 3407


39248
1477
958
14452



4450
3248



12558 12550
20451

896
2080

23697 14790
298
6376



48238

19857 19853

5147


8236

10156
112740 118847
68
28739
75617 27038
33099
60549

27163
13147
10008
69657 4834
19320


3411
54084

4415 4407
9440

99052

22168 110376
28814



34257 17655
39377 39406
27358 69523

9104 35341
41381 41384


9759
41005


45711
57226 110382

10909 25796
21366
61341 27298
920
3823
71362

5335 995

2931 3606


35578
552
15536







920 896

219

5925
3126
8713
35580
35560 74045
51779
40912

14902
18629

8165
20772 14484
2054
6879 4972
2998
57411 42873
19886 19877
19469
32893

35218

6688


21378 21371

13872
3475

812
3475
4508 4507

13872
13871
13872
24125 53066

10081 12610
14125


69579
10625 829
48788
26458 79893
19584 17658
2357 13205
8803 19708

706

48232 40120



12348
133
13825 13832





19708 88889

14983

13858
86502

13872
13872
320
13656
22067 21869
958

114867 114870
469
2646
7359
64518 13754

7702


114498

4985
21649

320
26982
19688

8776 3209
69564
5187 5485
13763
48329

21751
74963
1944 2223
2538


13840
4922

995

21869 13763
48433

23328
26982

32315
13825 13856
14566

29122

470
5485
97075

36670

2160
5187
125841
14841
15609
6055
5449 118848
1324
13855 69219



13872

2270

15948
14146

8270
5234

33294
47502 6012

63714
135
22444

47585
13870

9131 9114

42945 27638
13825 13832
26036 26007
15618
4


14911 38523

24686

3405 3411
16748
31456 26179


14812 23697


2122 2957
4483

35

5147
70768 48238
53079
812


131
81870
1930


15948

57899
91303 48238
7975 3552
41318
3432
20135 20120
2787
26931


16016
3296




36365
41785 41782
7777
6879 4972


920 896
9763 6012
16073

25503

3926
5467 24065
2538

7436 2998
53299 53298

22599 26458

190

29479 43368

62585 2710
6012 5709

811 2270
28469
30579 5164
2069 2067
812 7973

31289
13873

6638

53153 6872
48227
70527 4680
8625
66756


33903

54049

920
49168 8558
13837



8706


10389 6024
34107
10597
32337 14619
12538 26735


26530

27358 69523
1558
7359


5886 1965


2080 7436
1950







4

21989
2270 3529
21664 21472
13763



3748
117440
19882

5234
11489
3613 2983
31825


1581 1582

2414
28207
3445
13872

22869 25346
23847

66756
57226
2270 811
20620 11441

63812 76331


2026
4643 49021

13872



75429 23801
9759
69660
4967 2983
38437



69136
68
48308

17664 31510
21749

13837
920

7436 13367
138446

7102 7116
16591

21453
14459


192
162656



1588
19469 19457
44520
896
2731 12852
5164 10653

2961
38817


13763 21869
7857 47495
3165
69136
2092


191

920
28207
35789 29764
14085

20058




135 133
7868



39851


42389 29123
888

13006





26406 36475
89412


826

320
2414
4
28819
9775
33408 23704

3296
41792 4864
3141

2414
3548 3515
21742
10071
7334
55729

35992
40226
2660
23844
13176 64575
4791
13825 13832
13872
80895

5708
13858




920
13052 4446



4907 53409
21967 29701


4600
70676
800

13872
4985
11241

122163 102730
15953
13872


48239 48238

2538
13763 21869
17761

8778


5147

43482
2471
4


68273
13837
22372 32164
27295

20690
3011

10965


13872

10093 10075

3004

22184

14085
1967 159
3509 132162
13763 21869
44022
13825 14740
42353


42873 42877
53736
86540
8444
787

40140









67060


41786 4864
5448
17669 1558
57165


34870
2538
20756
75


122390

13837
20034
16377
27951


14975 14983

13865 10071
10894

26931 26949


48331
26

25407
76310 24577


35984



85242

24222
8808 29940

13055
22957 48337

163585 3163

18164 4483

27727 19320
31456
40140

3488



56359
59292 5894
30522
54049 1898
20666 20685


18526

19853 19882



105041


4851
39840

17206 112225
14706
8047 7643
8660 14405
2141



24668

28242
37450 13227



5865
4
13511

12513 12509
5164 59

15609
15243 65338

9682
6580

13872
4988 9682

25344
4672
23957

5886

23647 125083


5494


88896


34932

815

320
3922

29160 9682



15468
33294

8776
13821 56495
8201 17420
3510


5348
27295

13872

4
75615 126204
10071
9405 9452
16012
18936
42265

22600
29122
194 2538
2998 7436


864

79601 80327
69418
826
7089 190
98685
905
22420 22168



79893 26458
17306 191
48243 26982
23669
70723
873


2026

40912
69467
11855
48375

25775
17740
14706 29641
10894
9759 14707

28349
40058
22420 22404
56798

87051 58383
7153
3405

126201
27348
2404 2399
3613
62833

21069 8793
29
54803 6448

9682


14155


63347
1582
69965

13866
33887


40131




6361

7643
888

31379


75379 75378
29340

76291

11814
2054

20673

1507
54049

82147


65609
19948

7539 59293
35333
13959
13840
29348
27283


835
73763 23955
47845
26982
26982
21351

13828
22094 112624

2129
21351

22243



14048 14049

829
13872
48234 40120

25482

38217 66845


2776
126199 48237
39305 16894
2147 26735
11764

4981



126189 126206
2731 2573
10717
20126 100004
2067 2069
23704



53074
191
43716

3884

19981
76331 27972


2275

48308
787





9308
10389
1963





68273 68278
34162 29080

10071
60524
20301 2178
20058
1963

53755



941 999

18947



3129 8201


60435 24817
23505




51028
97998 48238


19893
10049
13872
47495 6012
3761
194 2538
7762
40058
13367 7436


24067
1944 2223
6012 7857
3826



27918
13434
3505 33794
40116 56495

11441
126219
9440 17847
15830
2414
40140

29764

27236

194
52341

2150


93352
920

70723
38217 42125

26982

39432 39380
34932
45890
15641 12975
40070 64441
17708
10081 15468


57374 13872

13825 13856
13872



2087


20836
4922

6361 320
13872
2548

17459

27330 27295
23328 23955
22243
13866
18801



27292 27295
24065

15834
7359
3576

7359
12992

40696

31575

12538 2147





63628 5164


3640

65777 123371
1206 955

48875

7323 7392
11855

9405 4284


7324



56170
41504

35734


19336 19341

4


57803 77939
2792

13365
13872 13870
5119 55577
12459
2579

13795


40907 5423

28179

34932

22079
2143


42873 13864

13872
3620
4781 14880
19455 19457
144635

5764
11466
17420 8201

2234
127801
7643

4864
18947 18964
40560
23039
123110
52354



812
37450

7324


7586
92166

13865




8658 14393
28179
33067
8089


2731 2573
13157 13052

10062 10071
13626
5886 5893
21709
2874 14401
26035
10901

23916
17167
35969

8270

33892
896
2087

13754 38162
320
5886
13856 13825


896
13872
5164 63628
7212 13763

3640
28242


13856 13832
2124 2547
12438


13837 11489


72603
15819
112705
13828
3468

15718 46281

3141 24222
5975

9177 9175

13754

21709
9177
15284
17283
74 38156


83833



13852 13840
13872

10130 10146
9915
19573
9329
6024 2143
51561 27638
26883
24125

19470
5764


2427
4803 4788
13147
4788


2202
4788
20204



11511 126292
12459


38942
95276 97006

4861
9580 9581
508
18748




7327
5391 34162

2538
23373
5126
87849

3407
4284 9405


48232 40120
1967

4680
91303 48239
20772 25984
5234

43271

22243
21357

13724
37503
6024
126977

48 191
34932



4980
47554 811
3408
62833 105041
12663
4835
22322 29731
12975
7539 2731







12430
3052
4922

3503




9308


920

37087 36923



21990 5187
23916 2547
27025
20055
5234


32380
27298
52080 33206
13865
60397 60398

2946
15601


28502
29122

23378
14935 14936
66756
4

14036

13825 13832

191



17417






13872




10909
17417
13837
5152


16021


114867 108959
48096
2275

81359

67060
69475 1025

111 191



6544
76044


27287
33682
958
3959
13837


15915
14151
15201

8573 4482
5005

15610




46303

2538


9759 14707
4283

1197 920

47864


24394
15921

26870





6627 2702
13825 13832
7119 7102
76619

24395

16428 11728

13872 13870

32843 32850
112717 112705
2414
13055 4482
24065 47208
75511 23801
13832 13856




4
7359





9580
38482



39421
4811



320


40150 63940
896
27298
20751
5494 16496

22187
59450
13872


2399 2290
2400

38459
5865
2429
50450

16298 75470
2660
104768 5392
7973
30297

88408 104768
39269 39305


5147
16188
459
9104
6024 10389
15109
5119 55577
48307




23647

10094 12643
1558

99052

89540
28684

134463
11728

26931

24557

46677
6024

912
47927
48238 34932

7102 7119



3488

13837
14716
5493 5494
17728

126189
19043
48239 48238
4791



50306

3011
13724



10094 41992
5448 1229

60424



26737
68857
13229 10894

51657
9314
13753



27283
7938
2090
5967 6671
14594 48352


3910

24557

9775
164209

51779
29814 800
7287
69528 52080
5708
5147

31575
39411 9775
36961
43367 43368
3165
27481
9775
135
56495
15830

107601


23852
8017
110613 130544

4184
38162 13754
69528 33206

11483
13832 13856
5764

26549 15535
8776
191

13877 13872
3004 2092




16277 23963



1967
71362 114867
30571
22869
7324

19719 19708
2128
5097 5090
24394
4788
43827 37614
112258 40120

30269

114006 69213
5448 2270


5005
7777
2700 4971
18947 18964
14963




31575

40150
48245 88900
5449 73319

26982
380
12553




4989
3926 11441


4996

13858







5187


2413 2552
13858

15548


320
12989
2350


219 191
1558



15346

61790 63714

9784

1025 51965

1229 64473


40117
48238
30297
5411
52342 13825
126773
3408

13825 13832
20370
30206


190
15468

36969
69965

18936


13142 13036

4

69213
3145


13872
21875
14284 17655

28819
920


48865
2938
24394
89168 2178
10071
14819
2413 2552

13052 13015



29727

47503 47516

2548
20058
26637
16194
15230


13724

53380




13763 21869

24032

7539 59298

13054 60192



17938
15486 13864
69221 40313
28469
13227 37450
10071



6024



23963 23789




40140




5494 16496


4
5708
13046



39248
8270
13872

835


7359

3517 3509


26668 38994
35746 3505

522

42494 3505
6030

4

24810
3683
3942

1588 1582

2216

60997 45111
87485 6462
4

30465


4980
5727 5780

70690


6688 5173

13825 13832
7875 7900
107590 49609




26742
40120
39406 39377
21664
26982
13141 13197

20690
23220



55029



995 5299
25421 55445

68492
13872
13872
4

19904
9759

13176 38340

55240

8017
5383



130 191
3908



2129
21348 21350

40116 56495



48326 22957
30931




5383



10389

20772
27163
5446 5418
6700

23374

164673
126384
76291

32762


2871 5403

21655
110613 130544
17306
32385
134478
2026




4794


40060


57905 16298






2414


21655
13837
34191

2413



15473
36969
90849 42353
15831 15833
48238
811 10925

33206
87139
20607
5886

10049
3445
38051 66823
85257
23669
15134 8108

5764


28242
13870
27149

118591

920

3408
56495

28742
16073 16068

13147

17740 17724

13763


12846

800



13872 13870

57803 77937
13227
28719
192
28938
8544






49609


6735
66 114498

4
36670

26982
19886

13763




4



896
7359
15486 15563
998


8314
32159
49399
13004
31049

920


49609
140894
4498 4493
32158
137230
2731 2573
8792
15376
12975 15148
68
35797
13033
3498


10366 44022
19001
15346




47426

5865

26050

2275
9682
2594 1628
5886 5893

2538




13872
22316

13511 13512

36961
22320 41039
888 896
191 219
27025
6024
3011
16224

2702
4


36494
29932
3493 7975
348
14997

66160




12986
9759 14707
19210
16298 57897

3201
5111 5106

21333 21342

25145
62833


286
13176 38340
18516
13774 55682
2414
34684

32385
219 191
8201 17420
21709
63416 13872


7151




3296 2538


835 41005


11466

15030 48966
28933
15915
4108 9405

55723


22269
4
26982


29940
13147
25931

56495 40118


8808 23626

110205
9759

1946

28840
130149

10081 15468


14179
17437 17443

8237

18959
2405 3111

13852



2731 2573


4420

10075 10093
21756
8237


28208





122410
21334 21342
21333
31052
28242

13872 13870
133

24065 47208
3123 3159


896 920


27524
2731



48356
16428 11728
14284 17655
23644

2622
15284


787


33621



11814

1197
17919
8236

12975
17740 17724
27864
2776
19643 17282
13763

8165
8559 13054

31872




24570
162962 162304
11855

5164 10653
8108
48356
13763

10062
4495 4498

17122 35560
36425




42211

15376
1321
803
3432
20126 60408

19893


2731 32716


5727 6812
2739


40058
15284
17206 26408

191
16214
18685


4508
13744
39851
48922


13872
49442
7392
25713
63587
27078 47927
3126 14410
3921


348
25462
13872
15831
920 896
18959
24259


10156

24067

72483
4989
2080
13825 14740
5152
21655


13832 13856
13832 13856


5147
2414



7102

18947 18964

20424


74847
13825 13856

16225
2143 6024
17933

4510




10035 13837
16225
108938

29122

40718

69890
88759
70768

55630

2946
5671
7324


53079 53071
17306
19853 19857

53298
73266
130 75
34854
13864
16479 66550

3502 3445
3925
17210 7436


7643
27514

64654
15561


40977

3445 3502

7212 21869

7516
369
2520 3011


40117
36670
920
13055 38313
50

69890
23610

35957
40690 40850
3613 2983
79742 77967


72564 20772
23374
74963

49805

1250


192


16220
15579

3903
4184

62834
13679
22243
10366


920
7145 17728
3517 3509
13872


13931
77967

18973

42073
56495

20079 17724
2538
21989
35499 35495
13872

5147


3495 9682



15346

7875

60942
18336
13828

10087 10083

23697 14791

29188
2538

73189
190



34873
4289
1017 3594
2035
14532
1614
25119 8812


19904

7975
13899
320
36906 19948
75277 13147








56522
55066
13872
70885

21875



1028



13012


15156
7644
2538


2026
4051 994



24222 49818
29990
5494 5493
4498

3925
13825 13856
3083

134463
125841 53031
6547

896
10857
16298 57897

26226

32762


7408

5005



3503





114877
56205
21
10156
12610 9759
70758

98496
13872 13870

27997
2538
3826
48956
25209

13034


133382 88759
1584 1588


7461
26737

22066
51029


1507
16961
826
13872
32893

23477 23505
2414
82887

22162
994
13872
20833
26966
7424

9902 32210


2046 8713

1326
69965

19853 19857

1986
59110
123671
40058
55066
13872

5447

15535 34895
2054 3126

49803 4814
14969
26029
26507

498

9458
22333 10857

63930 97999


12976

14049
71827
21


16200
5109 5164
38456
829

1061
2538

13141 13142
134463
31937
5419 5403
13872
13825
896
24190 28799
4
20070
11657 348
2731 32716
26029




2622
2602
27896
15535


13872
7359
21655
22600


112666



303
38482
1201
47499 7857
15834


2538
495 5974

55445 25422

5485
6361 20856
2054 3126
2077



25346
13837
12976

27972

23647 125083
37102
6018
5446 5418
20058


13872
99345


130 75
57378




13872

4890
13852 13872
27510

803
23669 42144
4985
36033


16250



12779
2731 2573

58282





2124 2547
72301


17599

37087
19893


16755

38372
8815

9759


8815

56543 70723
13931
2566
6000
63714

66138

70768
14707 10057

70723





2773 130246
28242
4680




29764
4288 4864
77


87139
25181 10093

8086 2620
17724
14155
17489
15156


7840
31937

26982

24577
20370


23916 2547
14548 42073

23220


2968
32187

13163

4425
80487 23801


32337 16408

74 29
2150 1965


21 4
38262



40557
51
2402 2399
19948 192
16224
10071
10718

912
85265
896

42389 29123


13872
2970

2405 3111

4914 63628


19948
5162 51



2414
3884

48238

28933 18336
28799 24190
320

20577


48433

8625
13870
6872
920
27038


5147

7102
5361
13828 13899

34883




66336

56801
9915

27536


21
70723

888
74045 17122
42265 81642


8270
66337 66336
17684
1025 55826






13075 34257
13828

13006
3919
896

1321


48238
13841

799

27038 48237

3503
6012
4621
36818
15490
13852

102418
114467



49596

2109
16225


7939 2983

6012

7695

6024
10071


31686
50548
83832


62830


24817



14815



159
13034
102620




112691 112693
13828 13899


27352

3505 33794

63030
5672 1503
13837


69213 69219
13828

61626 112626

39361

10062 10035


12643 41992
2213 40947
56790
7946
3405 3411
48239
5570
37722

41039




51276
23026
5422 5403
13511 13519


11426
16248
4416 4446


941 996

24065



16408 14619

113993


34140 37450
68199 39361
63811 27918
9471
8310
812

13825 13832

5953 1986
28207
14706
787




29932

4357


10130 10154


33304 32846
5159






55719 55720



1078

5147
65087


897

27366


5764
34895

23606
32247
25566


13837
17117
191 219
89412

18801
40058
57385
4005
8017




15260 13837
14125
17302 63628


13872

59617 42109



35492 35499

920



27972 76331
21389 21374
36520 9915
11723
2731 2573

9131
51563
17122
9809


9759
11944
13724
20669

12778



86712
18947 18964
46992
3505
11719
3921



15535 31728

13192

29990
140 185

191



9759
13891
829

5953 1986
5886 7408



7583
52499
920 896

31454
27295
5886

113993
4

80
103246


6361 320

7941 1944
26982

16796 7779
5865
112225 17206
53755
13858

49345
13825 13832
7314



19470

21967 29701
8017
41097
16146


12558
103605
57226 14939
46307
13763 21672
7807
4981



3760

6627
10857

800
2538
21967 29701
5147

13837
23693

13872


33097
14707

28819 32767
57382 13864

48865
27285
122163 69136
112613
52354
4451
9759
46903
164367
87943 4680
34932
24815
3520 3502
7779
2731 32716
27298 27283


26836
39319
20061 20064

1497
15564
3209
14893
920

68833 34893
61142 61143
5447 31048
18819 8812


28208

16821

8994
17720

8994


23797

21 4
26737
42265 81642
82876
4186

55040
43240 3004
13842


2128


20663

2538
19455
33418
29940 32153



47500 47508
15830


17707

55812


34895
185 140
25705

26924 32380

26745 12564

32247



5409 5446
3640
7881

5886 7408
6024 2143
13763 21869
4
19445
2702
21


70676
2878
8774



34140 13227


4537 4541

51028

8824
15258


74407

14963 15952
26179


7324

19836
12748


8086 2620
20576 20577
49818
10857

348





2357 13205
13837
1950
3493 3552
11727
72238
8790

3495 20673
37503
896
829
2970 2982



7973
50548

9784

6024 10389
80041
10071 10035

11489
8237 15686
13763

6012 47494
1250
40936

28819

5671
8741



3495
4985

75

13872
10071

2124 3913
66336 22367
5152
1930
15600
36969


27951
146666
10071 10035
4357
14837
59660

57226 14939
920
33114



26050

13872 13870
49169

16194
99052
21649

13837

19013

190
39253
9405
53299

38747
57385

64422
4184

19469
7102
16225 21920


29122
4771 3505
3004

13872

14284 13075
7235


27318 27346
4988 29160
4914 22774

63931 48239


320
93503
4907
16821
66590
30297
14736
16133

2986
4985
4595 4508
112705

50450
1614

160415
15284
15601

4051


2973
41005
5401 32772
57906 2970
4864 4288
20833
13858

48878
920


1077
40850

15953
5951

13837

13872
112522 114498
27914

12415
92096 49609
7938
4781 14880

43465


28696

40120
10857
920
320
13872
8544
4
60435 60440
31454 74044

3926 20620
3476

3407
112717
26982

5485
46295 15723
7089

9904
2563
3613 7939
3408
8366
5886 5893
22775
33403 4996
13865 10071

51029

812

21375

25219
18184

44461
16037
29122
10071

19469


2563 52869
35321 5203
47849 47847
17933 17938
920
27078 47927
15397
32247
26530

5886 5893
31624
31728 15535

26008 3534
3753
20034


13872
21967
829
74045 35560
4980
35080 35085
320


35 48975
8660 14405
27078


10071


7359


8790


4


47320
5234
70768


26530



15038
20754
27025

16756

19469
40083
5767
33403 4996
88900 75615
13511
11764 36947
3259
13870
2986 2998


46714
13872
47198 24065
51

2538

23844

114008 47909
3613

8444
20576


2234
40120 48238
10857


5005
26982 26999
9915
5886 5893




9818
8558 8544


3548
87841
56495
19836

2971
1287

13872
15315

1933 1930

162962 162796


14085

9784
4
4989

10389 159
5391 29080
9314

2414


5147


27295 27285




12427
5203 5173
15833 15831

57571
2224
46749 48

459
17357
2087
13872


5203


20058
7314
7317


14833 13052
16437

5005


9759
15922


120502
28242

5234

9682

2216



5886 1965

15316


6012 5709
3760 43235



812
7406 5886
32159
307


459 470

14706
49818 49837

32159

56495

4

62016 10067
5147
62585 86689

3942 6030
2213 49328
15398
68830
51644
17658

7436
36414 25344

60397 60401
8108

97185



26935
9784
10597 803
23697 14791


5872 155564


48239
2792
48239
13825 13856
15576

4898
7539 2731

191 219
57369
13837
3826

320



13825 13848
5708
24088
135 133
4837


5953
14284
14594







10926 32616
3493

8821

5485


124631

13872 13870
15535 15486

19341 19323

20791 20802
90849

18748


43560
5164 10653
40912
11764 36947
16225
101865


15874
812
13149
21043



1965
7643
76390

70723

35
102418
20841

2414
4980
17167
552
4288 17117

2400



11480

62016



45119 26507
35962


14284 17655
4488
38236
6024 2143




19874


84679
7324
21709
13872

29205 34855
30933
4850
64071
7359


13837



15291


48234 40120
4511
812
914
69528 33206
896
4676

86916 5392
5392 104768
3011
21742
47585
1641
2372


4
24557
13825 13832
21094

15883
28349
2731 2573

25793

3411

8108

3411
28231

7429
2026
47516 47504
13872
2520 11710
53988
73763 27172


320
9759 14707


148621 126412
16883
123322
15836

88900
18785

28207

55066
75486 75429
2937
9177



13872

114887
32247
10075 10093
32178
16496 5494
6044
34516
4
7263




21 4850
1574
47198

55826 1025
21709
31292 731
2973 9131
11944

36289 53409
25602
54282
1206

4


15199

31292 792
16733



7798
12543 12535



12550

13017
46992 47020
12620
8108


13825 13832





16199
30129 85242



13872


32183 14130




48307
64201
58552

49442
8713 8707

5953
19572
21269 35341

24545

5676
23610
27293 27295
69213 13855
994


15831 15833



990
10857

56705
22333 13768


121260
191
787
8821
70723
33294
25209
12509



191

74393

13825



13511

22957 22582

83819
60398 60401
27961

19904 12348
2372


459
162124
98213

4967



2731 2573

6795

46582
15156
3011 2520
13872

18947
60915

11944
13082
74960

103929
3126
16163

3416

51
69890
48788



17716
33313
14085
72238 30269
48289
29932
39248 28889
33645


7677
5174
53086
320
23220
298

21504
13763

30933
26982
35077

2547
9131
57803 77939
15535 15486




96254
55730
35304 2620


26982

28179



34875 13852
13763
49609

7801

4493
13825 14740


87927


26982
4776
3543 3505
896
7807


7889 43235
16050



75179
9683
10389 6024
5896 2538
11426

26
13763
13874 40136
32772

40907 5471

56495


19469

23697
3486
21 4850


77272
7465

17612
52732
8812 13866

112693 112692
75

4117
84832 9786



135229

13872

9440 17847
5401 32772
3165 2565
29552
28179

18182
9759
7539 59298

9418
147102
16883
107802
6024
71362
12459


5147

920

47570

21709

13872 13870
13513

14177
36114

5403 5456
22957 48337
54900
13872

58512 58534
17443
1906 27910

14179
6024 2143


4922
14841

920
2345 20135
26981

27938
5234
320
36947

28179
13899
122908 13825


28502


11865
14119

2141

12976 12980
5401
70723
32164
8558 8544
59617 25802
42073

10894

105041
28582
4
19320



914 1201
4981 10894
3430

4873 4048


2702
32846

15284


44022
4482
26982
6024 2143

16068

18748


23957 23767


10370

17800
70768
35734

31575 27249
3209 8776
21350 21388

5164 63628







57226 14939
13724 13721
102813
13031
7324

87139

5447 153401

1937




38426

27295
5671

7359


3259


19853 19857
9698
9682

14400


1505

18526

13015 4446



29
7359

10857
22404 22420

320
2108 3004
3408
1950
159
4428
26982
4063
7361

24088
4284 9405
2538
297
12769
40125
6625



8460
48239
10160 10130
66823 38217

24577
941 999
7948
7211 13763

812

2992
40225 13872

19919

51
300

22094 57459
1063 5255





2810
64541
2345 20135





21090




64204
24065



4
105041


5485
27298





8815
13858

10857
23220
56572 28656
19493

7975 3493
76291
28158 12550


2565

62016 10067
2731 2573

191 219

15486 13864

33682
216
13825 13832
42125 66845
32178 23626
2357 13205

74

10071
2878 1963


114867 114870
1324
61421
40557


60549


34932
20061
14707
30522
31289

42295
2548

21229


39851
6024

5173
4510 4504


11489

31680

16733



59841 68617
41789 4288

17937


15486 15563





20751
1503
51
27208
23381

40174
27163




17283
34139



13842
26458
6012 7857
14633
4980
17306
22243
16821
47841

15836
24559
24668


826


18341 3004

23852
190
13004




55066
13837 11489
60429
92117 92109
2143 6024
1614
27638 51561


9580 10096
29601
2141





2035
3488
12564 26745





8821



896


33167

27345 27346

3407





486
16194
29707

7516
13871
10071
32158

46677




40226
36923
10071
18940
32883 32893
16725
8089
3910


23031

47845

2737
27918
1492
13872

17655 34257
13031 13006
23374


13872
7392



45119
126412
71578


51779
3761
61599
18707
10925
826
10366 44022



65609

10071




5109 5164

21374

19469

39311
33313
958
4284
38339
320








154914

217

999 996


8790


13825 14740




2538

13825 13856
21389
10130

13872


20756



13872 13870

2523

826

13872
13872
51605
2731 32716
896
13031
990
33097
7429
33149

3495 20673

15874

491

8755


64654

55398

16428

48237 63930
7973
75615 75616
135707
5467





60409 40712
2926
8270
15932 15952
88198

15209 16021

3760 43235
10389 6024
4160


320

5106 5090

8778
3594
19085

33097 33099



40120

60309

21967 29701
43240 3004

9784

3761

142182 126412
20856 320
19445

17592
13866
4



12975 15641

8707 8713


8077

40784
4
10093 25179
13842
32159
23220
18947 57421
20737
33099
29122



36224 5974



103843 119739
1965 5886


40058
77
15260 13837
8146
52742
31289
75616 88900
27338 27283

33070
6872
2538
28810


3826
34899
80041
14707 9759
10081
1364
5764
191 219
21869 7212
51

26982
20058



9759 14707

13856 13832
13825 13832
21709
41789 4288

48331
2548 2810
1946
4184

13872 13870
2474

43755



135


3529 811



7436

26950


57897 57905

48245
18164


2697
7359



1950
320


67927 44520


13872

1505
25209 10071

31456 26179
13832 13825
19469


4184
18940
40540
66775
50546 27298
7405
16225

13872
2475


45119


3910
26982



120502
59

96178
7424




2702
26931
32777

60948 15256
2787 11565
10857



51 26


40343

7974

803

303
10075 10093

4788

958 4851


16225

2538
3011

13176 38340
162304 162796
28179
2538

1946
18526
48433

28242

35492 35495

25421 55445
29205
13946
10512
123322
26982


4450
915
26530 45188
56572 28677
19948

26737




25775

56801
48237


27938
43271
14818
13872
16194
51


16246
25713
19948 192
38322 4482


53152
13825
10389 6024

20690

2118
13825 13856
56230 20034


65601
920
3502
2270 3529

57065
14641

13871
335

958
53086
13851
25793
41394
18144

320
16479


2270 3529


8706

34895
5147
70224

3411

3640
4
5886 1965
12543 12552
336


829

35413
999 941
2128
829
46928

15834
11924

13872

17728 118847
10094 12643

3200
3476
6009 69677

24577

21869 7212
2986 2998


2618
13840 13872
7314

2986
10894


24395
9525



56215
4
24395

69213 13855

60877


545 32210
32800
3004

7361 7327
8559 60192
11595





29188
22775


8270
41373

12552 12543
26982
23957 23768

21943



13149
13825
89168

13825 13832
47500 47505
5335
1541

3534

4



5423 5471

2538
7539 59293



25713 25696

13837
23697 14791
3407

16674
896
10717
13825 13832
4996
6009
35580
40140
56633


17420 25985
4

10769
13147

70885
2414
13763 21869
130 111
320

17334



3594
18253
40295
47909
7643

2563 2971

13872

13656
97075
3475
98294

108959 114870

13865
2092

4

28814
5005
14706



461
13872
35973
5967 6671
15819
52080 69528
123322
15346

219 22068
25799
27078


920
25184
19872 19853


1558 1492


53031 125841

4

112699
8165
10071


13858


13872

11728 16428


16012
3007

3924
34876



1933
896

70873


54900
46928
104250

7424

23220
14740
2765

920
48238
4709


13837

64541
896
39431 39430

14904
42945 27638
112485

9104 21269
3004
905
34862 13872


4407
2414
21378
18785
14841

15291
40135
54786
2118
4890

8188


829 812


74408

12976 12980
2442


4687

160370


14841

2523 113619

10538
2160
14125 13691
48326 14963


40088

2538
39279 28889


16674
56572 28677
40135


5531

13872
127

62679

28179




3576
22162
676
17862
1946

8876

111
77272


14284
5335 5299
38459






11466
6012 7857


39895
17306
64686
6448 59458
17599 13872
32907 32893

12975 15641


2776


31456 26179
2414
7153


2069 2067
13034
33402
50112



40088
320
2270 811


20674 84529

53729

5097 55828

26024




13837

126240 126336
43699

10071
38372
99468

2538


16681 17916

17709

43465
5709 6012
23628

38456
1505
2399
46267


3523 33794

13000
26982 34932
16182
3753
2965 32843
22168

13828

27910

13825 13856



62271 23801


55445
2150


32380
8460
13825

52083 25120

35943
9465

5886



13872

21869 7212
5865


2054 3126

5337

2871 5419
39377 39400

79551 102813

48890


27331



5447 31048
29646
191
27817
13142


33005
13511
47020

29646

21348
320 20856



905 958
32772







39432
51
35789


51657



4988
4851 958
3476
3195

27638 51561
97894

2547 2124
74378
469
4842
16068
28242
13872






9308

46909



13601
15209
16894 39305
53074
70723

13055
41789 4864

43254


72743
20907



14367
13012

3476
2054 14410
16156

8040

40131
8086
18785
12976 12980
191
10062 10035



7424

55445 25421
10075 25181
14958 13872


88746


8805 8815
13837
4964
6688





27172 23328
2548 2810
20856 6361
23505
1574
74761
23220

15697

70700
13004

111

19708
60434

4446
14036
156386
4907







4160
28423

10160 10146



10130

16225
8803 19708
3498
2548

8803 88889
5467


12980
32883 32893

3129 14548
9580 9581
28719
14548 42073

21378 40601
17306



5531
15209 16021


68865 151361
13872
10071

22957 48326
47588
13037

6376

17194 7436
55240 4814
9786
75015
4


8324

5893
39248 28889


50548
5353


9114

2538
18088
27298



35511 15468

19886 19877
4971
25209 10071
13872



4996 6795
57226 14939

16428 11728
800

5951 13434
4496



55844
1558
21709
75 111
159 6024
19455
26982 26999
15301
33294
12459


47504 47503
34873


20560
35933 17613
17724 17728
5967
46677
2572
49832

67931





5421



3498


2414

20737

15535

8558 26479

9934
50474

9104 21269

40160
21658


106577

22162
4989

3683 2697
9093 4834
5531 552

62016 10067


10857
13763
47503


13511 13513
23909 112626

27163

5443

190 2118
2118
51

56495
77265 8625
4791
2538





12975 15148
8089
21735

19469

70723


35585


31728

4985

29404

15831 15833



15874 4996
7424


34883

10098 7975
3159

72184


94251


14176
20064

5954
14819

13147




962
10071 13865
47502 6012
45112

5421
135 133



6382


826




22599 79893

27640

303
48356


43465
71817
26931
7879


104913
320
5434 5234


4288 4864

23693



32315 31393
946 40213

4
10701




4
9902 545
19857
32132



4450 4440
48308 48307
97185 9786

69890


24817 43716
22869
41411 41384
39223
4432
23834
35789

14082

14963 15932

2998

8201
19492


800

5886 5893
13866



2702



3411
76913 130

5164 63628
7359

2538



8165
26050
5164 10653

80484

9902 32210

18960


29268
2697 3683
11489
25566


82601


61561
5872 5916





12601

13872
32189 8808
4985
22430
40132

74396



2933 2518
9759



13872
5955 2773



32843 2965


80484


9580 9536
10926
23731


25346

112694

26949


140301

1293


154912

26982 26999
15346

13031
13227
17724

40564 24067





40690 40850
24067
3476

190


4851
4985
25407
29935
999

51563

6827
27038
815
11727

4864 4288



19470
8792



2270
12992
320
104698 110613

17260 17282

29268

2538

13872


9314

10989
28684
16733
13872
41373

4733
21333
27345 27346
3195
42265 81642
14841 11443

32167 14130
59974
40065

190 2118

30084



81642 42265
12535 12543

34883

75615 88901




17709


13763


2520
915

26479


13872

15180
87139
59842


35560

303


106231

48975 51

2878
4
4873 994
1946

19043

23220
24065



4
11723
16479 66550

13872



46677 3486






55250 31456
51779

191 219
13338

27352
69213
40077

13872


24071
13190
28242
6361


20737
46285
886


28502

10071

3753
9809
3523 33794


20576

3123
42073 9405

41504

27338 27358
47746
4

3408
2602
23218
34855
2124

812
27972 63812



829
29646


122411
13147
20751

23505
31456 26179
896

40225 92894

12550 28158
12975
70700 126240
13763 21672
2702
13837 11489
13763 7212
920
16865
77 75
114018
69890


3925
119253
61626 23909
13763





1950
39594 34674
4
2290

1906 27910

13825 13856
13576
23626


17606


27038 48237
27298 27283
15243 65338


98017
26931






5764 1937


33941 36475
26982

15833 15831


3595

16277 23963
60435
26450
3925
40140
31462

14880 4781
80324 79601
5494
26982
369

9175
42353

5886
24067
2538

7857
76310 24577



7350
17611 69213
147695

48331

1891
42304
12975

39223
27286 27295

42265 81642
20742 20737
3613 8660


4285 5403
130512
62853
13825 13832

7514
33408
13825
13147

13828


19636
26931

10071 25209
55026
27338 27358
43560
24534
22162
22437
13201 146449

29953

69680
36494

12509 12513
1995
34140


75555 39303



13852
896

6009 69677

13837

11443


27298

4513 4511

10071 13865
4288 41789
14284 13075

89471


10146
5671


10071


24817

920

3761

32184 32164
10062 10035
2372
191
915


7424
32850
39248

57374 13872
4
1574
995 5335

32183 32167
21813 348




912
2518 159


28242
522

33402 459
9458

12509

17938

13763
27038 48238
13837
15836
102730

8230




26982
4687
191


12513
42265
7461

74525
26668

97185 9786
10857
23647
13825

896
13825 13856






13828
36940

10857

20841
2520 83864
56808
32158
2069
70224 70227

32380




5164 59


13576
920

6008
33925
75615

9581

2067 2074

88900 75615
100815
35789
4
958
18088 17422
10857


191
5147
45188 26530
7815
93127 21862

3165
3606 2931
2702
13872
76374

320
39421

24059
14975

3640
48991
114867 108938

13870 13872

13825 13832

32183 8824
2538

36670

61143
13837
31454







4971 2700
20055
7404
920 896
23220



12513

24065
25985 8201

10095
13872
2124
13763 21869
56572 70653
61139


24224 24222
5886 1965

135


61044

5428
19341


31049 160332
32991
4482


24088

102730 122163




24600
19492
14969 11944
13014
5401 32772

61145

33472


5865
5234
8270
43271



31870 22959


29224
13872

20370

33645
33869
35083 35085


17926
369

803 10597
2067 2068

13724

48234

1229 2270
39253

2874 8658
62356



19853
10130 10160

10071
43560 60549
60196
15948 22600
19455
905
8969

7939 2983
47913 13832

15833

19469
13201 35258
8812

3613 7939

920
13656 44520
45111 84679
24190
5708
8658 2874
27817 52342
1324
16200 16199



1950
25793

57
3925
6653 10008
27997
7291

114867 114870


6688 896
5975
13837
5885
87681 70768




3411

459
1201
812

16298 57905

20772 14484


3493
10071



2998


56495 15199
105676
13004

1293
2414

28819 13228
35414
29764

11865

20803
15948

3823
4427



111
102939
8230
920

10035

76291
9759


42667 14837


1917
13872
27293
1950
97212
71362 114867
4985

104768


39594

13872
26982
20783


71362 114868
21188


20058
22333 120990
48788
3167 16428
51563
12562
5886 1965
28742
13763 21869
4526
74 29268
17443
33066
20783
40058
920

13017

2538

69890
15723 15230
5764

2122 3606
69523
15836



42353

2704
24003

17926
3922
13342
41282
26742

66778
98685 51028
39130

58534
9580
19455 19469

13872

32167
20135 20120

25060
13825 13832
16824
990


7268
147698 2998
3163 86688
348
27382
13179 13176
26982
1965

87681
26982
38459
23622 24222



10909
1582 1588
5419 5403
13852 13872


23916 2124
6049
194
31624
5886 1965



26 51
23220
131


48352 48433
55445 25421
37089

40070 64441

8201

13866
10389 6024

192 19948
920

13872
40107
320
41318
11533
31393 32315



4446 13052

4

15486 13864


110613 130544
17684
13837

26982
13775

13828


15346


13055 4482
104250
25705

53071



7405 5886
60435
22596

102730 122163
2275

20833


14082
18685


31872
3493
5418 5421



13837
4450 17662
28684
920
22243
63262
56170 126773
17724
7445


3602
48331 23693

2106 2155
23909 61626
320
48375
33294
24394
20813
4546
9698 4989
320


50


5886 5893
955 3594



39406 56356

18341 2108
26050
26906


13190
896
16298 57897

104698 130544
68274 68278
30271

3925





4541
2216
17720
43560
69086
15852
2946
2087


8660
8792
10080
75

114940


13205



9786 97185

32105

2933
896
65605
10857
27295 27283

23669 28940

6024
5417
2704

40120
17260 17282
13872
18801 48788
17724 20079
96421 8201


38217 42125
8558


26982
64204
27638 51561




17740 7145

946 31634
48595
13835

13825

162920 163585
2124
51563
13205
21869 13763
2926

113142
7947 55029

8506
21801 37614

2931 2957
1507

51563
32850 2965
20791 20798

13872


62801 13054
7946
27283 27356
39316 39303
520
18088 17422
35333


40683
163585 3163
13872
10894
4993
12420
14790 23697

38217 38051
56497


44573

792 731
8380
38719

15024
23220
13865
8201 17420
5151


28158 12550
10006

26 51
15832

7857 5709

107275
1293


45526




6795 4996
45882
62271 23801
13827

13864
3552 7975
28242
2275


21655 21511

3004
5519
5157

10071

55634
20442

69240
41068

77599 39431
13825 13832
2702

3011

23062
13852


13825 13832

3742
2067 2069
217 522
92895 92896
20907

6024
29584

40184


27914
4861
946 40213
4




13872
19469


42353
41039 35789
78983

39184
23373 40734

1946



19469
27038 48238
40712 20907




67376
8205

4864
3405

4483
10725
90308 69213

103737
13872

88198
10071
23767


41305
5967
21

10071



52083 74433
7677
19455


7900 7875
44525 67927
4850

16225

348


21333 21334


3826
32380

13229 10894

26530 297
12610

13872

69965
15469 4847
10081 15478
18817 18830




59617 25802
13872
800
2106 11770
60916



2275
920 896

64541
99259 85824



72193




36969
126219
54311 27318
29
8821

44520
14791 23697
13866


2046



2350

5147

13825 13832
16163 13763
17848

27358 69523
62271 23801

14969
13837 11489
52341 10083
24088

8792
4
920
25773





75485


63262


2208
3132
7875
5147
2414
2620

16466
13931




97 26




13870 13872
48433
3128
1946

22420 22168
2270
9525
13872
2538
1628 2773
7889 3760


4922

8755
3548
30129

19569

2998 2986
29646


2965
7539 59293
8460

2548
39406 56356


36906
21240

10769
3240
154739
4
10965
8815 8792


35578


18174
27776
9314
20907 40712
15831

348


40564
920
53031


303
56230

27523


2077

2931 2122
15609
39303

19893


8544 26479
70885
676
102650
47847 47868
23220


35789

77 75


13008
79806
15486 13864
19893

13656
19455
958

47882
36475 26406
27283 27295
11466
5916 5872
5097 5111
84529
42877 57411
114001
27910




6361

21756
59617 25802
50964


8313
13511 13513
9775
5493 5494
18685 7424
43367 43368
31454 74044
161104


920


5865

