8
738

433
30
759
9
30
40
54
1310
942
1547
38
343

867
204

38

9
296
1414
39
959



53
1993

398
741
524
817
1211
902
1579
470
533
1454
1693


549
533
10
126
949
831

1915
444
1031
1266
1752

340
211
1031
60
47

317

740


336
413
1127
1248
301
1439
747
1922
1173
1173
1554
649
985
383
542
62
1173
127
165
1242

1335
1114
80
62
83
1150
40
1523
612

123
486

2025
1266
1224
163
134


291
1010
123
407
364

267
83
2048
167

40

1592
741
39

123
384
160
555
39
1765
1033
39
39
260
974
1774
1081
1900
40
226
291
211
167
1205

1702
558


589

130
1444
1091

368
1622
355
1592


286
92
115

39




39
973
536

108


1224
40



843
384
526
524
4
1190
1023
494
476
974
384
476
867


9
719

403
577
476
908
174
1686
1396
745
1165
56
324
522
1817

503

112
835
15
811
625
755




235

1033


603

1294
1623
1368
40
115
1322


817
126
1686
30


68
308
943
258



126
1795
496

1397

235
834

788
264
384
30

1779
985

1711
97
317

722


166
832
332
1427
37
64
80
136
413
1777
841
40
13
1218
350
300
1559


163
1414
123
40
1422
39
4
269
1638
171
257
66
893
1420
30

112
486
9
64

1839
13
358
1660
1422
126

13
524
1298
163

358
1761
700
657
64
1121
1439
1117
40

560

1407
1403
1063
1298
804
1203
1508
1557

458
186
39

1485
1617

1233
384
1091
1308


820
20
20
1063
29
20
8
20
541
842
649
1764
1173


398
40

39

995
1739
38
965
1500
40

38
40
102

38
1561
142
235

26
1407
1365
476
804

22
22
22
22

867

507
952
235
52
38
1063
800
1237
1224
9

992
1420
289
30
123
123


1422
2013
293
1185
524
281
777
103
39
1422



246
379

1442

126
359
1687

79
366
719

9
9
1228
1497
9

105
163


167
792
1171
398
1623
8
658
1009
332

1490
1250
1610

209
1214
581
974
1056

379
1839
351
1321
526
39
13
434
1694
2029
459
1782
173
1487
286
709
1456
115
1051
1378
943
1939
607
734
1394
154
286
804
367
33
1166
123
1301
1176
385
817
1173
1069
1099
324
1044


1839


794
1095
1531
1504
348
324

1742
2058

9

9
204
687
1049
95

1686
815

38
1549
1412
143
952
1046
1402
245
263
470
31

1422
165

1579
592
1796


885
1417
987
384
396
123
942
163
359
9

357
188
760
383
800

360
267
1614
618
9
574
38
648
1777
927
17
9
429
118
39

1592
93
1352
129
817
1530
38
558
524
30

30
167

848
437
1659
299

167

962
498
115
1542
1563
300
1500
129
401
826
364


50
300
163
9
62
661
272
430
236
1627
32

317

1261
115
21
496
1031
8
1298

163
394
64
1787
779
330
987
384
356
1630
13
134
1302
1039
1607
661
919
1422
375

1647
39
40
1022
38
836
189
375
699
486
578
808
315
106
553
1414
132
34
297
808
64
1714
165
285
1796
20
419
402


246
1526
64
2012
1414
1010

124

145
1323

1297
787
681
900
367
30
236
173
13
1637
1980
39
297
173
79


367

563

417
204
13

1203
384
496
39
160
64
719
302
1435
1205
962
366
942
124
1265
9

976
1280
265
1627
473

533
47
281
9
817
533
1036
1692
551
9
1042
9
1422
661
9
115
496
39
9

1311
1224
737
638
286
721
533
661
146
123
1199
126
1025
640
1414
1057
384
165
1265
40
62
93
1730
1024
610
655
172
692
123
808
539

1579
9
1499

1934

320
1422

1498
430
79
236

246
1923
1057
794
501
123

1165
661
1322
1262
174
1010

2031
13
1133
13
167
1849
13
13
781

1123
1366
586
1627


211

544
136
1003

1414
37
1994
123
1747
951
39
490

489
287

1332
903
73
73
73

1420
1346
1338
310
1338
1027
269
1538
299

1205
39
456

2019
127

821
300
295

1572

1224
982
163
914
928
40
729
1224
1843
877
117
812


1564
193
1402
378
64
784
1377

529
315
1222

258

126

123

608
311
817

393
286
926
186
1017
293
780
123
40
713

39
235
1109
329
462
984
931
962

83
108
388

1988
702
17
398
313
231

123
817
262
394
764
570
1510
808
801
1887

236
1517
13

118
2017
124


39

13
388
47
1187
1879
3
774
137
1616
40
163
64
1787
85
85
1632
291
62
942
9
237
817
39
1887
1531
527
513
1422
173


21

286


1890
834
543

411

1182

204
1916
524
97
624
217

343
1254
343
526
40
110

39
1281



384
927
551
735


1101
34
188
64

1819
748
526
64
962
486
123

1264
1312
300
285

524
486
358
719
211
38
118
258
1851
51
189
1440
1173
64
1068
123
1167
298

661
662
40

943
592

408
1389
2
590
31
188
211
1422

124
368


246
1633


1220
1463

1422
52
64
424

1224

27
1607
902
456
1224
38
1298
344
794
1495
981

874
33

533
644
51
931
1422
38
366

759
1592
13
662
1798

1850
40
396
123
1422

527
536
258
751
764
1685
1630

286

527
223
189
124
641
30
943

123
343
1637
2008
343
236
699
911
308
1686
34
282

815
902
167
396
939
40
1293
1056

817

1734
39
39
1462
927
942
411
260
1042
993
1173
1158
1502
1403
1173
536
209
555
1720
1044
123
831



9
13
1713
831
297
1292
22
543
106

984
2056
115
124
1695
468

1050
1175
1019
411

64
64
163

39
1140
1853
1739
795
526
1592
39
2025
2000
175
364
648

204
1066
173
9
1422
626
126
167
555
1991
459
39
1110
1866
1774
1817

528
173
8
1569
1402


1993


1402
1422
209
40

296
1332

452


49
213
1660
39
1720
834
379
555
273
209
40

2065



123

384
39

13
1698
350
107

1035
39
1666
39
568

332
1912
791
311
109

719
640
406
258
1743

1513
160
305
74
296

699


699
32
296
526
126

1542
524

1753

1287
13
558
121
340
665

1198
40
218
803
1072
794
204

1194
602
1651
1667

384


533
363
340
805
759
1592
40

1035
1207
364
163

2053
583
236
1971
66
173
1142
418

745
592
384
123
163
683
679
384

1930
482
1440
9
497
365
1246
876
123

281
4
2069
649

1557
47
468
802
186
595
665
434
30
1107
39
526

123


927

279
97
610
1219
652
343
1364
524
672
366



439
687
2049
123
1989
673
1074
52
941
838
276
1557
317

64
159
988
801

619
32
471
360

317

463
360

8
39
38
165
1850
574
644
1679

1553
1614
524
38
211
699
80
592
287
459
153
834
57
1224

30
456
526

383
368
235
514
71
39
39
437
545
39
39
39
430
129

1108
9

1160
735

1660
383
38
40
188

338
22
2032
737
755
628
233
34
551

1226

39
486
1960
356
167
1706
126

1685
126

166
885
628
40
1538
39
267
30
361
33
40

126
1377
250
1666
48

64
163
426
173
330
124
32


661
834
962

8

40
502
39
1091

8
583

40
739
1420
493
557
13
39
1425
1378
257
1538
79
51
987
1366
217
1387
775
697



761
308
123

123
1403
30
1667
1585
1817
383

1331
1010
874
1130
317
1395
962
459
1440
817


1217
1688
39
1397
1886
526
1116
286
1326
291
117
171
672
1817
1113

1150
123
488
900
80
199
483
207
34
1224
1609
30
367
1393


13
692
102
1715
367

661
123
124
891

39
414


1156
1546

1571


1513
526
817
1346
262
39
167
36
384

87
1901
1737
296


40
817

163
962
496
1298



1208
258
108

1701

80
833
258
415

21
915
417

1413

64
30
808

1113
561
1122
434
296


231
204
30
1637
817
962

587
587

892
1034
498

39
486
1440
286
721
1820
123
524
1927
13
543
1295
1542
532
40


123
1470




173

123

294
1197


672
124
1422
672
1369
9
398
1338

101
1345

1964
51
817
57
817
384
31
286
384
204
188
1131
764
539
244
39
545
974
285
551
102
71
365
1937
1425

707
115
707
1637
8
396
22
1068

773
367

899
476

66
1295
692

39
293
39
1887
459
102
588
9

487
118


167
962

1427
676
40
1448
356
64
200
273
1010
9
496
281
38

9



1233

656

258
1839
1077
65
1804

74
1677

1326
174
967

671
8
1136
912
118
30
1720
291
367
40
430
351
228
1777
124
831
578
713
719
1370

115
736
974
1407
368


1377
1049
127
310
167
211
8
124

39
40
962
1806
260
1360
555
794


1483
1456
13
1440
163

8
167
332
661
39
962

1666
1421
384
39

30
235
302


395
1018

324
868

1859
149
493
341
378



1660
9
1338
476
126
13
1145
367
1420
1592


30
137
817
33
159
974
1440
2002
235
8

888
129
803
123

476
1812
2075
123
110
254
225
1486
626
254
702
51
987
1602
324
251
324
286
1135
163
578

167
548
741
846

817
987
487

9
40
431
34
610
66
745
443
629
1420
1414
30
1908

1331
30
396
795
126
186


173

1040

1971
729
258
462
138
1414
209
1825
532
1227

124
1818
30

974
836
792
808
13

378

817
13
136
578
236
1736
561


1513
1686
281
315

547

38
289
47

30
64
1542
992

248
291
856
262
1265
236
1574
13
41
1221

8
13
13
817
1441
1366
39
171
123
787
1422
699
489
653
118
123
1660
1666
62
45
1046
246
39
1067

956

527
512
195
1737
22

332
289
123

39

13
115
1127
30
804
39


459

21

314
138
218
296
163
1918
921


700
295

803
64
459
422
73
1064
1134
486

384
1531

39

123
1896
894
896
165
962
186
672
549
300
563


699
533
1004
661
39
470
692
8
30
285
34
260

551
1895
1366
64

1512

962
962
39
551


437
695

79
3
293
1164
621
942
558
715
699
513

204


384
928
1542
64
317
1543
370
833
64
105
1699
1737
1699
124
1674

1414
111
547
1645
115
556
1576
235
58
795
1660
1748
655
487
257
1311
430
108
1194

30
115
1557

388
341
1592
480
21
38
759
1144
824
1729
831

415
2009
672
299
1513
359
411
38
597
1769
1516

948

346
92
368
1414
648

27
2060
1194
257
225
557
1577

782
719
289
628
759

123
29

382

1298
13
1607
1775
411
340
858
1223
55
41
147
165
767


389
699
360

236
108
902
767
804
145
193
459
260

551
40
9
171
82
600
130
39
1796
524

1779

113
13
355
315
39
3
1414
1688
1338


411
545
1630

1848

191
52

526
1660

607
1488
115
524
289
9
173
238
180
291
813
324
1762
638
1796
1688
526
123
285
123
1614
240
974


9

560
1816

794

359
962
108
13
1796
1419
137
536


124
1153
321
1888
267
83

1815
962

995
47
1708
476
974
470
1376
967
551
2059
36
527
661
1902
845
496

13
40
324
1777
39

526
167
236


598


1688

962
235
584
1078
110
123
123
163
192

494
1309
610
68
38
196
1621

1150

267
163
677
378
974

837
498
1492
40
300

64
365
1460
194
1129
13
1357
123
1214
165
9
154
388
123
743
962
669

190

358
1869
1422


51
1021


628
39
267

33
608
2037
39


820
481
459
260
299
378

340
533
30
1628
473
211
533
39
1370

237
1469

639
459
729
1231
83

1378
962
527
359
533

384
332
486
112
1796
155
592

623
1161

938
1688

171
592
39
69
1793
558
2046
282

413
40
173
163
388
126
1589
252
114
115
1240
37
2065
235
108
123
551
9
319
180
167
123
1002

817
30
1787
699

1214
1041
163
1018
51

486
1580
149

578
123
730
628
338
532
413
126
1150

506
2068
30
547
1422
934
1607
962
123
177
942
9
39

575
30

1880
47

777

565
39

470
367
628
92
496
219
558
1360
1420

235
2061
39
235



526
1147

993
1414
30
367
1732
1971
289

1627

1414
277
1124
1224
367
794
1630
204
1258
37
558
759
163




1853
1876
1088
123
123
31
1839
112
1216

1887

163
1727
2021
156
422
808
814
40
13

286
148
943
143
1755
39
289
1150
847
817
30

802
1538

360
649
446

700

1971
469

944
536
794
40
1440

38
401
759
1552
817
551
817
29
661
21

222

296
154
107



526
486
1127


163

415
1478
130
286
775
211
472
896
39

604
840
1301
307
941
294
661

9
258
430
484
163
123
189
817
56
235
13
874
1829
1443
558
894
188
1267
1124
1070
222
817
1737
36

39
817
1414
555
211
1035
661
1353
447
474
39
383
108
1841
211


123
118
527
513
165
1101
39
258
817
1023
217



922
13
62


460

275
1368
186
1971
811
123
34
661
246
942
38
193
39
1965
1552
1363
63
1405
91
38
1123
343

9
808
729
147
107
801
767
216
979
411
545
47
713
1944
459
117
278
209
118
1420
509
496
524
51
147
1558
1209
40

52
223
1582

551

280
942

1010

526
692
1440
378
1308
5
115


563
817
779
1049
365
398
541
915
92
1839
962
532
40
533
80

123
296
186


627
720
707
1634
40
951

527
731
661
1895
163

167
317
666
1338
13
1228
943
235
80

39

102
294
30
138
47
227
117
524
116
383

1627
371
1538
1150

1534
1199
527
38
340
13
870
558
9
329
1817
377
297
1592
496
2068
454

536
92
1660
1128
1420
1874

299
592
1456
4
287
1402
39
993
1344
1769
533
1693
1766


558
649
1470
1090


2028
142
52
1948
1676
1150
759
417
209
1948
820
37
795

1577
699
384
39

39
286
1590
399
526



1028
38
719
38
2019
39
1044
648
1669
40
167
515

536
92
8
416
47
817
294
759
690

324
159
808
84
199
317
123
47
103
558
34
1877
108
8

532
942
1650
387
20
289

145
289
39

250
163
2074
496
13
1881
111
576
62
38

1006

1380
332
1553


13
534
1675

701

33
171

833

683
33
1063
1519
1899
92


661


879
171
183
40
518
800
1370
952
1307

746

299
332
79
122
1596
1766
9
64
958
13
47
147
30
21
729
1397
733
985
78

260
536
29
100
167
2070
9
140
9
169
108
706
57
640
13

324

173

86

40
1011
1614
348
987
1306
315
9
1217
1886
1485
301
558
372
962
1422
1839
1089
1224
833
9
124
289
1198
159
2061

496
1284
1837
39
107
239

271
620
1252
1303
64
1515
852
64
9
699
224
952
1510
661
1023
1414
1677
8
1115
384
39
1327
235
1298
655
30
1335
124

1412

123
126
985
112
1557
1319
1985

39
817
39
585
115
1049
1630
123
803
1056
610
1070
117
423
102
55
55
159

286
30
305
39

9
517
508
246
39
51
281
557
735
286
760
266
31
204
2051
1075

8
1422
1982

1420
787
124
123
605
127
189
962
40
1311
147
30
1864
484
1056
384

336

825
59
40
40
4
431
524
112
641
526
302
30


1789

1222
324
1407
115
755
695
1785
1025
163
1861
808
167
357

732
18

1366
720
946
527
136
281

39
40
496
157

827
1010
2050
189

526

56
471

338
1128
39
8
727
1660
115
56

1328
277
1360
40
1224
8
1094
167
1222
300
64
1273
332
8

40

578
64
533
38
39
39
779
1362
719
817
1107
81
806
1503
13
9
526

40
51
221

211
378

332
304

204
1832
424
1245
108
1506
604
1420
123
1786

1422
551
692
40

400
324
39
8
30
108
962
1706
39
118
398
62
1337
740
1301
1643
167

748
1724
699
993
30
1113
1787
1464
40

1019
962
1825
154
384
398



8

2022
315
209
398
399
506
415
1414

124
160
9
163
131
657
1551
1843
996
1887
235
579
1494
1316
124
943
286
1542
1279

289
883

745
126
4

1614
163
486

129
64
38
689
533

1724
327
1162

291


9
743
660
639
563
764
608
1318
1279
1817
910
1420

145
6
1391
1197
874
35
342
296

379
1760
496
22
915


926
108
47
1839
779
163
438
1968

1685
218
834

755
22
41


628
166
796
608
705
1318
40

38
33
1661
1056
1930
367

296
297
39
13
163

30
1978
769
8
30
1563
681
64
834

165
38
173
699
1493
405
551
1955
469
123
1869
30
291
1706
1540
160

332
423
1699
1217

1274
13
1607
2044
209
1668
384
40

300
250
421
804
834
1063
39
713
271
1963
9
143
13
1650

396
1513
1422

526
1120

1436
1235
375
1298

1686
39
1010
62
123
388
583
1981
193
1604
8
1422
922
39
625
267
147

366
1607

231
1123
1377
355
1776
524
126
533
339
30
232

332
1466
1737
283
1548


171
1112
1403
1113
104
115
34
705
40
602

30
541
971
759
384
223

700
204
165
189
123

124
1200
9
64
9

38
719
1177

285
974
1365
235
406
39
1209
1366
951
1858
659
138
370


1501
95
35
1454

1653
810
951
399
855
1187
40
394
1602
2001
112
1095
1645
299
1307
112
1733
260
917
1557

22
1150
91
51
1286
1658
38
1210
1996
39

1461
359
438
203
300
188
113
1858
124
163
900
995

399


527
289
827

766

1084
526
368

974

39
526
1768
1796
699
834
1150
536
123
39
123
627
39
64
64
1730
1495
30
1607
767
112
995
900
123
551
98
1813
186
30
123
483
311
1228





1422
69
39

822
1218
1666
30

764
93
13
1049
990
348
1709


39

344
53
1222
163
461
524
384
136
1071
876
9
64
1013
165
453
39
1010
200
729
38
764

124
1704
367
1127
13
115
123
578
1196
30
1407
167
1942
39
1079
527
1019
1056

1268
533
524

120
289
962
124
1324
40
1318
312
289
211
107

40
256


52

1422
9
236
211
40


44
189
803
289
798

555
927

22
974
123
922

481
40
1817

1400
115
735
9
674
1987
1335

808
911
235
340
802


1300

66
510
1291

808
223
40

38
1650
39
1852
1414

1565
827
712
1015
974
1971
281

61
1473
13
745
384
1023
246
30
165
2071
366
78
1576

803
64
1584
307
692

383

886
505
115
64

2073
118
204
430
817


1422
514
173

962
193
854
56
500
602

40
655
1420
526
626
1262
750

312

166

127
30
2006
969
37
1322
8
719
204
285
294
1474

1242
1577
1796
848
1846
1154

9
188
235
1686
40
1887
40
1298
1031
38
188
1503
39
51
1254

9
1554
694
351
786
486
41
1298

1416
271

108
849

39
524
681
13
293
115
578


992
1155
794
368
417
653
56

115
486
829
1298
173
167


1363

1593
1541
129
188
1048
978
384
1871
236
384
38
709
1298
977
1825
524
165
126
250
413
544
379
811
487
551
147
396
951
260
7
331
1639
533

9
2055
1240
699
1571
1437
74
84
1562
951
609
638
946
1642

255
1839
1601
340

1414
817
156


215
300
1035
1884
115
661
1131

31
1188
189
434
429
235
1329
62
111

1513
551
1542
1175

1689
324
211
64
246

40
517
9

1414
476


655
134
278
1817
147
13
1132
884
300
1513
1174
8
398
943
467
1272
527
332
1265
591


1367
1199
1641
929
1730
13
524
305
218
1313
904



289
360
1918
1328
1759
340
9
467
1817
294
1095
922
1166
699
38
472
2025
649
1042
359
992
743
808
30
309

1817

118
126
289
694
257
499
40
527
962
1630
524
642
1877
1528
1

654
51
495
218
1183
779
1422

102
30
456
922
235
394

163
117
533

254

1788
537
931
486

309
9
360
131
64
220
1076
1266
30
498
635
804
527

551
926


407


360
211
524
578

20
8
1005
671
296
348
68
40
526
123
943
808
927
361
391
1373

734
340
39
993
123

30
9


246
1766
30
1552

92
279
1962
367
30
848
1918
1678
236
943
147
40
30
1264
240


952
297
1754

804
1643
83
496
524
189
1414

30
290
40
368
173
670
39
123
115
172


264

957
236
31
1887
218
894
962
8
412
1298
524
100
204
1999
1840
1829
30
527
30
941
529
84
1233
1205


115
773
272
1694
123
1971
108
511

147
2054
1420
123
39
1640

40
13
51


189
1843
1456

1614

664
211
1053
264
167

9
592
1010
646

348
281
608
1414
360
532
1971
324
246
1001

108
64

551
1270
39
231
364
332
671
1276
830
73
1062
84
273
1878
39
129
1869
9
908
1347
628
628
943
13

300
1456
152

629
1435
340

817
39
66
300
864
149
411
491
189

367

865
171
40

848
296
13
923
649
30

378
272

1000
1290
1239
1127


39
1308
30
1392
22

496
360

38
719
8
604
1737
40
79
524
1971
661
1258
308
299
1420
367
171
1414
799
1289
236
1650
890
962

920

2024
2076
13
692
123
2063
359

182
2011



1422
1607

217
1105
1472
298
927
1520
39
1264
384
1414


974
38
280
1298
1807
927
943

1551

308
129
1134
483
1775
1751
41
50
244
661
436

411
40
795
570
289
603
1711
211
558
1224
2039
136
817
1794
123
834
615
1456

1449
639
434
938
171
436
235
962
343
628
2005
138
661
794
1063
328
238
628
143
64
869


286
64
474
1056


489
154
689
166
547

1704
39
56
688
39
1063

994
734


194
794

173
1724
1834

1113

8
817
374
1996

127
317
115
707
300

863
594
808
1703
608
86
1317
1808
56
1875

193
92
1010
1579
1375
123

108
671
1716
1650
526

927
257


324

1796
124
700
287
1425
1255
1630
398
289
1422
719

399
340
30
4
526
960
137
165
126
289
735
110
123
1150
31

308
9
359

1817
204

1630
123
1019
123
163
1377
1179
218
1116
1149
572
554
64
112
124

708
107

962

1234
628
281
668
551
565
235
755
719
317
39
223
30
47
1155
9
84
476
1203
33
1854
804
102
235
997
244
1627

563
1998
486
988
30

1630
616
24
115
1113
384

1228
524
817
129
39
317

398
661

264


1714


64
1420
1919

358
2020
683
193
8
9

1673
1509
1370

108
11
794

83
115
139
129
1269
836

1711
1696

927
1499
807
138
592
9
8
978
565
238

59
1686

470
235

188

124
1224

707
188

1285
365
672
817
794
399
1342
952
1422
1070
646
37
672
147
1845
19
1422
366
92

64
108
83
880

1420
592

1224
20
300
22
530

524

942
223
9
267


1466
1484
22
118
511
723
64
915
854

388
648

644
473
795
1739

489
692
745
193
124
608

231
644

533
476
267
819
9
1422
163

368
126
1019
13
931
942
902
438
411
205
352
962
1422
193
137
533
93
1737
360
13
171
53
1685
1521

365

324
1217
915



794
222
38
123
163
39
1630
1322
163
147

34
551
299
163
601
1611
242
13
13


1686
13
40
719
378
428
984

367
1422
894
1051
874

126
1609
43
1669
527

1892

40
171
73
30
165
416
40
777
465
1290
52
1348
851

359

345
1850
487
1010
577
1046
536
39

123
8
31
267

1347
1422
859
680
281

92
129
100


254
1010


13


9

524
39
8
84
300
1150

323
8
1127

300
1767
388
123
39
906
558
166
1608
1722

1544
1360
952
41
1790
1627
40
1384
1226
9
962


39

982
1325
235
318
9

1868

1298
557
1685
9
39
167
1063
30
83

1020
405

1941
317
56
1898
163
394
201
527
1421
40
13

8
608
470
526
817
123
52
1670

282
97
469
294
1153
115
1660
527
356
2030
305
592
752
94
123
134
1603
191
115

526

209
406
700
124

317
8
9
73
1537
1035
1326
1773
699
808
47
1040
978
1010
1414
13
13
1666
827
560
285
209

289

123
21

628
123

124
30
76
123


115
417
9
167
1035
202
191
39
124
1711
1228
21
123
1354
427
817
1912
661
1842

1688
118
8
804

1166
233
524

167
83
1456


30
250
30
396

21
30
614
187
260
289
1063
1797

66
1377
1023
809
1686
40
1590
349
80
384
358
469
40
993
39
498
599
9
987
1402
30
1150
34
13
1422
1766


1420

39
60
1379
1184
685
188
260
208
160


1494
725


302
165
524
524
30
1113
974
39
551
236
592
64

1126
195

1258
195


40
1234
31
179
527
501
523
648

223
39

998
651
648
578
228
1625

143
39
384
450
887
536
729
282
606
39


351
785
245
1132
987
367
1298
927
987
686
40
285
699

1557
40
1772
126
143
189
399




1956


129
846
38
143
123

1519
128
123

351


22
519


661
9
331

384
13
987
1150
1466

176
1550

1299
13
123
108
1213
121
273
123
159
1589
526
137
1462
56
302
417
1615
123
1796
850

123
486
962
13
64
1311
470
2066
647
311
121
47

450
64
649

649
368
661
51
834
165
605
368

2012
1222
1258
885


1589
462
1205
699
80
122
165

1719
1067

1649


1155
258

1158


367
30
115
808
526
786
115
1447
1422
9
536
294
287

496
595
1714
124
21
24
24
1537
1787
56
24

1728
1295
13
1796
1592
759

1796
366







1848
40
511
1371


646
1796

471
89
1648
719
1059

1012
1533
1821


235
552
942
39
524

37
9
356

492
51
315
701

39
9
123
975
287


1420
315
1420
30
1272
962
817



108
1950
124
513
471
524
125
607
1143
1577
1572
833

379

189

1600
129
270
764
536
115
1550
53
476
1475
193
13
1092
942

383

661
992
40
80
729

962
942
281
383
1224
407
532
1831
383

123
163
47
817

2035
411
258

568
433
1035
729
1402
383
699
83
930
1402
111

1532

505
399
453
39

1671
193

254


8
894
8
161
951
61
40

30
785
1630
1505
1410

1366
524

383
526
931
115
163
1056

1514
343

281
160
1420
1422

102
235
35

188
92
794
1343
39
490
1023
260
300
399
1741
424
765
188
519
201

776
228
9
1966
1173
1104
8
712
333
934
48
1088
1015
2038

1557
1145


8
124
614
1917
1730
384
670
9
570
524
39
1210
123
1420
759
39
1965
1767
30
64
699

628
40
801
2057
126
1654
338

189
163
37
701
1307
211
1714
962
1402
39
108

1817
39
1577
1058
39
199
118
38
1046
378
1229

163
118
1173

742
1172
115

40
1856
360
626

231
231
1035
123
43
124
108

527
558
89
289
1422
1414
1374
661
354
592

672
684
289
340
689
1298
1298
578
608
124

380
30


44
260
1972
696
43
394



43
43
124
287
43

1722
44
867
40

123
366

987
394

1468
40
317
1339
384
81
138
1227
38
865
1746
27
1796
1236

987
580
1272
13
1236
126
34

33
167
817
1542
1904
1357
558
1482
347
40
1214
47
1850
669
39

57


1288

337
30
926
322
1420
1796
189
984
1307
1026

1867
84
1800
1468

2000


9

40
1442
1737

9

804
126
1023
649
59
30
430

13
329
288

1224
39
13
189

1119
188
19
123
816

39
1056
218
951
39


13
25
1272
47
1189
521

853
39
67
30
558


1422
794
308
332
1127
1436
39
974
189

1129
632
126
30

795
39
1883
30

526
1737

40
1295
54
671
1262
1362
13
8
560


189
123
118
72
1173
1032

1971
1298
338
974
123
541
909
104
729
1291
9
8
33
93
31
672

755
101
129
83
204
529
1666
484

804
1300
1226
681
333
524
123
664
1943
377
1043
597
446
383
193
1414
1559
1597
1983

8

1102
9
1717
411
1360
608
718
1614
258
1646
424
424
143

1331
332

64
129
1440
1930
417
817
398
398
235
173

1331
281
39
4
358
378

527

9
258
1298
9
527
1457
356
286
1237
1033


39
96
952

1056
38
286
1574
592
558
124
952
208
526
396
31
942

1091
124
124
305
1691
1138
628
8

57
808
1903
817
22
39

8
1239


340
22
764
1222
218

106
876
1224
551
9
1557
235


804

13
980


38
305
8
447
962


34
117
360

1907

299
1295
40
126
40
291
188

1242
1113
13
311
587
649
887
1153
2007
555

364
565
1019
191
1180
464
1836
834
647
13
246
636
211
1025
1539

882
839


39
338
121
1150
249
9
167

432
962
655
1526
34
286
795

9
123
1123
39

529
1846

131
8
296
129
39
7
126
427
57
1122
186
1334
154
165
163
27

661
52
39
163
735


8
741
217
496
257
129
524
1660
524
384
1433
1272
16
2003
188
188
1731
1666
13
1570
1

462
1686
1361

9

61


558
483
188
476

1328
476

986
124
697

147
527
1969
260
425
489
436
83
1977
64
492
56
268
1109
383
1831
19
126
218
394
56
672
817
1061


39
943
138
2072
84
1605
1010
101
476
1414
808
123
38


1122
135
118
562
724
118

124
1824
1552
30
1224
1565
533
243
40
592

28
1214
28

279
1757
124


39
1627

1886
987
38
108
714
39
40
1008
1627
1339
8
967
1189
474
115
526
901

445

1436
123
39
163
396
441
39
602
1199

732
753
952


108
189
343

699
699
173

962
1010

1672
1422
51
767
163
211
180
2004
64
9
952

817

689
1662
17


4
173
123


1233
1116

827

1758
379
1422
661
40
167

764
526
486
136
524
775
173
17
527

1224
526
1192
1150
450
31
54


51
107
925
974
30
282
427
115
383
1063
31
275
1414
399
962
340

192
258
123
398
9
1434

1466
1935
526

33
204
115
817
802
922
1496
558
1636
340
30
8
39
1383
138
1335
186
398
2023

73
13
433

39
145
344
1091


40

384
163
1414
1995
332
817
815
163
729
1019
123


262
496
324
1777

962
388
1409
300
412

768
124
539
1567
1573
123
338
124
172
242
193
118
549
260
262
397
8

1399
184
626
1241
1083
9
331
115
105

1514
64

668
236
124
82

356

1704
8
302
302

362
692
123
545
1730
1757

173

817
894
9
47
1234

1460
46
9
493
40

129

1369
34
241

1848

261
287
38
850
54
1257
1045
1559

527
143
1652
9
40
1295
524

459
332

115
54
1830
526


1289
31

176
62
9



817
602

115
9
39


1577
1073
915
9
282
1391
951
64
918
379
95
646

324
833
1371
1478
9
13
280
13
139

1650
1537
628
902

974
1650
496
34
804
40
1422
1339
922

430
13
578
214
34

64
173
1010
527
804
1377
1403
545
1290
808



115
42
30
1857

229
9

64
41
1368
41
1422
1609
533
1706
943
794
163
817
876
1371
1436
1010
1666
8
543
34
1681
8
1307
952
8
39

699
9
366
952
367
1690
592
2067

1504
40
1161

43
1375
1402
1030
222
1720
629
189
218
1906
360

64
802
432
343
1660
9
983
123
848
170
136
1815


360
41
683
115
707
637
9

894
123
1706
546

64
1796
1320
1485
39
231
1231
533
127
808
1957
47
1224

47

339

1670

30
661
1744
1199
504
755
489
962
30



1565
130
96
592

808
254



79

741
1008
732
1426
1233
338
533
1887


64
628
558

235
1803
1618
558

719
332
230
1440
236
962
575
367
1420
641

719

165
1817
1862
414

1666
943

39
1357

551
1401

383
1403
1291
217

1108
383
777
1142
112
587
21

317
165
235
211

275
115
1770
209
1948
1921
1477
1123
1524
1226

609
1905
39
39





1228
21
1594
922
817
51
1791



962
24

1827
234
9
378
9

9

1869
39

1783
779

27
1300
1010
211
143
1518
962
1234
498
1250
1010
9
465
1422
1113
338
366

524
490

704
476
424
808
126
690
39
1420
1226
39
962
123
51
9
124
40
1817
961
328
1333
62

544
563
803
1714
486
764
39
817
719
1799
9

1377

1887


931
9
1041

1163
1805
139
368
613
124

1345

39
57

729
126

1360
506
112

1420
434
31

367
393
313
661
118
39
459

604

795
4
1771
1616
33
51

165
964
254
115


163
204
363
124


1599
622

1259

942
223
383
1272
118
64

697








124
577
107
1503
504
38
922
845

123

40
1366
124
1584
1224
355
527
74
123
1023
1168
471
484
562
764
30
1422
475
453
813
551
236


897
167
201
39
1683
526

681
133
741


9
189
462
92
272
1429


661
1339
321
608
527
1061
206
384
367
173
699

527
1148
978
756
138
519
540
1031
305

289
8
159
1688
1629
64
759
603
1712
727

759
689
1537
39
1872
1997

1602
489
962
30
181
943
9

238
1459

338

64

294
1193
254
1056
123
411
1557
2052

487
1037
661
33


670
314
534
123
250
1010


1839
545
1218


258
324
4
39
1296
88

1999
188
294
498
592
920
1095


223
1507
1369


208

473
487
762
126
795
1249
163
384
38

526
171
132


34
1265

261
800
40
524
1435
123
1735
123
123
365

527

129
1239

52
1449
817

834
359
487
817
163
2015
56
661
794

368
787
39
324
235
168
1397
56

533
1912
287
13

113
1385
13

167
63
496
258
384
1159
40
1249
627
1063
1298
123
1414
358
39
625
136
490
1633

13
555
436
8
1841
496
962
2016
123
628
1778

156
1262
526
896
2017
39
1298

1505
536
1971
804
861
1016
655
459

943
735

31
1397
592
536
834
739

1471
1322

1015
163
110
1098
9
165




624
123
804
317
138
384
258
926
114
258
1788
1424
988
894
1740
833
1378
1456
3
1024

675
163
1398
1897
1015
167
1959



167

286
363
1947

1217
163
1438

1253
640
40



800
967
9
887
1491
759
52
332
577


39
13
73

896

1414
39
167
310
40
73

719
644
8
540
272
334
608
123
220
38
808
962
1598
286
2043
935
359
1261
384
1056
547
9

526
40
173
388
794
816
1065
284

555
2
447
498
1204
94

84
396
123
493
8
211
735
558

129
160
9
626
779
444


640
616
528
1018
92

1203
123
622
123
154
1414
898
360
39
396
388
39
809
764
1984
172
519
649
129
980
298
1224

1895
311
1781
209

108
654
163
338
91
1265
1456

913
289
745
40

1298
39
526
765
267

1099
705
1403
526
1739

719
189
420
123
802
163
167

366
1150
527

974
661
936
1822
433


51
817
265
1877
1132
38

1476
1670
167
1577
62
101
667
536
39
1010
272
1420
1905
59
346

91
138
669
759
1394
121
39

524
38

834

105


124
163
64
34
661

1095
1686
557
779
392
40
1730
1475
365
39
1430

817
204
294
661
222
117
123
9
126

947
1586
90
1296
115
39
223
539

367
2010
39
1422
735
39
429
1685
745
1928
942
834
661
1555
30
764
30

235

1272

1086
529
67

115
527
617

565
1835
282
40
9
40
171
186

384
655

359
424
123
1132
655
149
167
817
558
1264

470
689
39
356
1843
803
437
952

123

1105
38

834
367
952
1940
496
811

597
223
953
834
108
962
115
474
201
1871

64
123
107
1905
30
558
176


1270
40

39
1422

962
437
396
539

296
366
235
8
502
550
167
804
289
300
1422
106

578



795
124
978
462
962
524
1700
834
108
2047
1402
115
1635
943
490
1579

223
1422
555
1529
142
526
235
332
378
962
643
1725
74
459
745
670

367
1667
123
173
41

962
294
1849
471
1599
654
73

124
171
39
9
384
0
39


745


1431
430

962
1550

1949
64
400
1665

651
321
123
477
1261
962
1724
1225
710


1643
415

321
84
47
231
8
8
577
411
742


526
415

127
9
1922
527


9
39
108
39
1283
33
289
934
1614
13

285
922
63
466
1301
162
430

236
940
286
3
47

300
9
127
491
8
286

123
393
1222
211
40
735
928
475
1236



1466
1592
254

927

1141
101
223
459
541
39
319
235
384
1552
118

118

1666

1422
737
1422
1257
124
526
529
592
717
962
571
123
915
1143
449
40

260


258
674
1863
258
297
527
1577
476
123
1749
808
311
39

223
291
62

827
562
793
836
67
235

1685
1298

166
9
953
974

160

258
1811
1010
1155

817

645
1588
300
1626
8
498
39
1007

325

794
1974
719
1971
817
39
40
1993
985
39
406
41
411
118
24
1932


802
37
1232

384
254

700
167
2006
1577
524
356

1406
4

369
173

76
817
526
191
954
506
258

817
644
8
9
476
123
38
1844
39
124
624
45
1422
38
8
9
729
39
38

1796
1796

509
467
1796
13
1085

1612
942
1965
1321
777
887
244
1096
524
383
13
30
1063
101

30
172
1391
1954
13
360
1975



1680

160
641


1420
1440
1374
163
123
1422
641
1375
1465

545
1205

9


147
1887
529

332
217
286
287
591

1722
364
417
493
628

817
14
462

9
191
275

634

943
220
411
9

1720
33
804
123
1202
275
136
218

1115

1211
260
212
84
627
321
110
384
163
101
289
1258
699
143

303

201
1627
869
195

445
1730
941
299
286
299

331
1422
511
1009
583
129
580
578

129
560
771
1624
250

147
526
359
1366
34
1016
39
123
292
189
473
9

707

1602
225
84
1525
1272
115

719
289
282
92
39
543
475
1331
13
779
817
699
533
1984
359
106
701
1056
648
888
606
907
129

13
358
236
506
368
817
604
115
962
513
834
592
1542
300
435
603
1453



163
123
171
1315
560
2061
1456
1101
115

794
30
677
962
1738
487
66
974
306
932
289
39
1404

305
366
302
13
962
764
817
524
385
1974
204
115
189
1414
1097
1234
235
1469
971
209
1095
1360
1298
612
115
189
1953
560
40
1433
9
84
235

111
246
244
1201
661
218
40
823
1210
160
38

225

808
1887
277

948
38
9
358
9
39
1301
163
289
297
123
1411
1169


39
84
962

235
961
504
39

123
34
1382



524
817

526
808
109
728
123


764

1224
1772
34
459

59
817
1563
362
1839
486
1322
557
532
154
1846

257
115
592
154
39
1630
1440
1153

1254
517

92
962
1538
39



191
174
1456
1044

1107
296
9
39
1056
30
1958
399
583
186
367
524
1122

1802

40
1554
359
39
456
235
1714
795
39
82


1370
124

962
110
313
210
512
64
110
1929
707
13
1706
557
719
286
993
1218
39
112
104
446
1113
299
1721
166

817

9
1099
30
260
34
211

13
759

124

297
1091
1589
235

478
131
40
160
1431
173
207
22
171
972

560
1420
39

281
111
188

1010
248
562
1591
1720
533
124
9
1298
108
40
1376
690
1751
1291
13

865
1467
1093
8


904
108
359


8
1885
1607
578

56
173
39
39

115
827

47
384


741
211
96
811
1228
40
147
555
1234

340
505
30
259
1682
527

34
62
154
236
1150
763
437
96
1420
13
1563
286
950
384
1420
1688
672
786
794
9
1363
1414

236
189

1839
422
305

962
3
1525
1224
39
1489
167
524
39
363
52
1362
456

126
3
962
193
1321
538


816
701
462
533
291
937
1976
1113
660
22
808
536
866

384
818
1887
558
1891
1841
555
1037
719
167
39


627
833
1420
532
211
127
592
228
1557

1298
1926



672

396
47

2
1808
644
1139
335

39
560

47

1251

555
235
1566


671
13
1122
52
79
473

176
804

1351

17
922
524
123

123
164
136
1024

348
1056
411

1047
108
1082
735
366
527
108
1056
124
332
384
962
163
558
13
126
853


803
8
1711
118
137
1971
817
123
551
360
358
39
565
1151
138

1101
163
486
783
9

317
8
2026
1111
610
411
2035
1033
43
632
1107
43
545
123
942
1224

105
1166

1170
8
563
707
39
758
167
1697
130
331
39
759
362
1952
4
681
942
254
524
246
160
9
204
1031
299

536
34
30
360
1238

1318
39
361
1035
167
804
1621
163
235
286
118
524
1070
293
348
147
641
338
311
163
296

474
13
781

201
84
470
498
533
1889
1918
1222

1577
1347
558
189
138
1802
128
360
107

1029
1420
39

87
1299
13
834
486

1359
1911
409
64
254


123
2018

433
857
1010
189
188
84
167
638
366
289
775
1150
959
48

289


524
671
815
9
92
123
1164
1422
9
854
1209
558
1369
40

520

817
40
562
764

188
448
165
721
661

558
583
1087
663
1425
962

412
1247
1230
1685
1607
1275
592
9


526
1833
298
1718
129

300
30

2040
558


30
258
1318
639

779
1422

1420
469
30
514

989
38
638
1049
551

1056
719
1480
123
135
1301
1766
431
1166
79
344

40
549
951

247
272
526

985
559
1422

39
9

1125
467
384
1993
13

1420
787
167
308
121
1670
1643
980

13
1364

578
631
293
31
348
204
2062
217
163


163
399
526
1116
348
367
1634
1815
1581
193
767


624
33
1783
1290
123
57
123
671
1711
1249
8
1527
690
1614
366
317

915

1203

126
13
84
1557
1414
962
680
235
231
860
1538

235
394
699

191
411
1722
186
52
315
413
124
1627
535
1971
1200
691
129

1769


524

64

378
529
235
424
1110
1792
38
1630
257
1370
182
13
8

716
611
240
340
123
141


88
978
598
47
481
163
547
699
167
1614
1113
430
163

9
1503
384
817

1817
230
2034
1196
229
776
764
13
235
74


2061
1418
1971
384


114
383
526
13
235
332
526
123
922
555
142
424
64
962
1107
303

9

1388
1552
1206
347
217
1070
30
772
817
39
136
817
399
211


649
2072
1896
593
394

62
476



324


258

75
1374


273
307
64
437
719
1613
327
833
294
218
108

33
1370

1420
1070
926
945
1379

1607
1035
962
1667
533
1607
967
1126
1589
171
165
526


795
182
348

699
834
39
223
1403
64
31
524
735
1036
834
808
163
351
1685
962
524
163
383
1183
201

340
1784
881
384
524
543
1233
1210
1196

962
713

30
776
13
1290
1870
1211
194
1542
713
327
1451
33
9
1068
260
459
555


193
1839
1244

471
943
13
30

68
1452

1414
1909
488
112
1560

8
156
895
39
914
321
605
317

764
479
808

605

1366
199
1577
451


297
1522
300
40
672

1718
186
13

291
253
565
223

1652
386
527
1211
235
207
653

204
165

236
699

18

360
64

138


1873


122
39


1350
40

118
967

123
118
30
1305
802
199
9
699
300


1420
962
1428

1019
1858

1655
1882
126
1777
147
1414
1224
340
1970
630
493
778

681
156
126
1711
317

1264
1737
1008
833

1242
384

9

118
282
968
273
1228
236
332
526
1420
1055


4
1481
33
53
123
729
1374
124
526
1557
39
356
1038
476
39
874
173


1106

524
527
2035
1965
1054

56
282
39
295
952

174
1730
136

1855

123
30
1620
57
661
1330
862
962
654
9

1743

368
30
459
1056

1100

1887
661
13
281
39
661
34
1756
808
123
223
1362
64
367
1415
39
1166
1951
469
1154
2045
9
1644
39
47
37
147
188

294

124
1420
1103

30

154
285
52
158
1128
1763
1407
108
1706
456

8
34
13

817
289
332
1490

1466
332
467
250
1056
271

1685
647
804
366
525
905
1084
719
1420

130
41
553
1742
681
516
962
394
1371


833
273
1215
496
1300
210
8
31
112
1865
1224

3

1577
9
1666
308
64
372
1186

47
47
360
274
80

566
79
524
316


1364
220
115
19
360

547

988
1037
9
20
951
300
797

1542
1931
1783
344
524
62
802
330
628
533
160
40
123
2067
1279
314
47

123
623
1420
92
924
123
628
1469
30
73

1445
1419
1592

378
539
1217
527
385
1666
47
24
123
628
1627
38

527

39
808
885
1234
245
124
774
367
9
699
900
916

1205

1420


489
356
504
384

795
767
1243
123
189
459
1592
40

1305
1737
9
1414
56

764
115
1332
9
295
39

661
40
143
948

872
848
190
11
681


1557

1307
811

297

384
514



678
1887
1607
39
40
557
1512
427
1108
13
927
726
562
367
962
551
1887
904


39
483
526
279
30
52
122
378

1887
209
779
1590
9
377
1666
661
13
39
1990

30
119
648
919
459
56
64
340
134
123
1545
524
719
9
1589
411

509
498
533
9
1423
273
2041

53
1864

30
115
1254
747
1744
272
1420
1282
1152
1706
735
123
848
300


719

217
1817
64
174
1535

682
744
123
592

273
185

332
79

52
787
902
18
1008
1456
1338
123
129
1720
1033
13

40
951

130
365
1263
459
1834
1631
378
83
13

526
803
431

41
1688
1137
817
1825
70

817
951
31
52
22
951
39
513
38
1706
296
1714
1019
8
1828
1019
13
188
565
1894
804
8
41
123
151


1839
892

1056
467
1462
281
1207
1079

30
459
9
1873
30


1839
1592
366
150

536
9
61
204

1450

153
536

759

126
1660
173
115
481
2033
332

1536
300
1298
40

62
531
222
38
104

648
551
795

1224
638
167
235
124
289
749
41
62
285
1192
1737
1018
420
123

53
524


952

1336
416
373
286
4
39
1341
1684
1946
31
38
338


399
302
123
204
745
36
68
817
1187
735

1422
189
186
39
1272
404
496
39
366
13

41
1304
711

149
555
1414
1663
34

106
1224
52
853
440
1986
1926
1901

962
1155
123


211
211
63
962
817
189
1365
474
974
100
167
1463
719
626
13
888
2017


646
1372

486
568
123
999


300

578
129
1817
649
8
1686
731
743
467
9
1832
39
577
172
1322
510

118
8
513
56
115
138
1070
9
282
1217
848
384
39
674

430

787
383
446
317
40
9
384
1056
551
817

524
3
476
286
115
539
1249
235
121
1300
281
944
385
39
586
30
411
794
628
54
83
39
278

172
804
126
693
13
13
1466
1720

173
147
1010
173
165

511
459
254
1730
64
13
607
894
1564
1666
107
1485
551
871
297
1408
1056
1311


1019
167
384

8
646
987
378

64

13
164
193
582
30
1224
1371
1010
8
38
1841

942
476
56
755
1010
1033
1407
563

384
163
38
1730
353
13
123
1511
625
385
30
21



1370
300
115
1542
759
69
533
163



1839
1924
779

1256
834

1936
369


1817


12
604
885
1080
13
1407
13
73
8
291
1938
1233
223
894
384

817
655

1279
1420
524

3
1317
92

655
124
1335
1345
1726
136
987

310
458
107


204
1590
30



64
817
1317

260


573
332
143
1420
8
211
30
411

211
41
167
558
459
80

524
1345
267

411
126
1615
254

1462

978
962

661

75
1222
136
1893

610
360
1446
536
52
1377
332
367
286
602
1685
536
1945


126


1378
1211
141
1817

1630
827
332
13
384

97
1023
927

56

39
2
1178
1913
1979
1037
1533
123
1291

4
943

485
426
39
13
9
267
962
1019
644
1228
34
8
1810
315
1233
1358
462
1014

124
987
211
1150
302
2010
442
962
201
524
754

794
1024
163

547
992

565

38
536
1366
1783

1258

209
933
138
1666
430
966
13
399
123
1847
1228


39
126
130
808
223
38


490
725
1686
1948
533
388
174
848
469
804
47
459
43
378
258
209
100
236

193
320
330
236
781
64
144
1871

294
32

547
9
661
1839
384
627
99
1801
1414
13
123
1414
39
701
1224
1402
735

1311
54
1471
1224

413
413
112
118
1067
567
370
1722
24

367
1967


286
137
1838
296


1422
536
123
1277
77
702
235
127
655
39


39
143
348
526
300
235
9
123
1262

189
412
1973
942
348
54
1422
279
1826
39

287
1814
340
496
9
974
1664
324

211
292

795
764
661
108
8
1366

211
186
1357
355
1122
1619
47
378
536
115
1378
1796
115
384
1709
39

40
1965
30
703
300

356

124
1356

1637
655

126

848
1251
1440
496
1151
1739
358
294
878

38
115
92
105
608
1035

366
610

486

9
1714

902
123
1349
332
765

536

38
376
282
411
1577
7
1422
496
64

764
1743

357

295
942
223
39
402


286
123
13
1283
9

13

885
366
123

962
18
9
1289
1278
1690
817
639
415
628
9

280
39
1666

1458
300
41
410
92

689
1456

1422
123
163
1971
47
137
759
1841

894
235
1165

1537
1669
92
1377
40
186
767
1227
1924
459
555
1796
1965

9
699
1914
267
1191
808
1839
22
124


555
38
40

563
286

713
1568
539
124
332
344

1010
573


34
38
173

1422

39
526

1132
1420
38
551
817
817
153
555
64
942
927
962
437
59
995
1657
532
694
13
1837
794
765
32
367
165
1992

942
13
34
1254
1346
1850
261

9
286
1149

398
450

123
1451
1101
64

193
57
859
1212
115
602

9
1456
1381
430
492
92
616
462
1019
315
757
1607
47
1414
781
38
64
661
576
21

674
194
348
833

39
166
350
9

297
1589


1606
167
1971
1371
1407
417

1732

1961
867
557


498
526
963
962
56
39

1379
610
47
289
236
1920
211
254


275
143
302
1355
223
384
39

340
1403
1552
516

108
962
719
875
524
366

115

1407
258
1955
173
1688
569
311
626
608
218
167
9
258

115
699
198
123
817
167
1739


115
1583
39

817
366

115

9
1436
603
79
1301

383
1370

54
312
1328
364



383
1602
115
123
1592
1422
1338

390

30
1770
300
9
803
943
1295
1060

828
745
794
124
338

1556
1260
39
727
123
1595
1033
840
37
654
486
39
365
551
455
39

789
218
399
51
1022

398


1788
137
39
1072
123
289
1107
962
544
1466
745
291
524
236
1839
359
1850
1796

489
366
1796
1181
39
370
57
1839
2013
267
1479
596

1513
167
360
231
1602
487

1142
322
2027
938
1414
38
1228

1527
1207
1895
39

111

211
898
978
123
83
844
662
1723
163
514
1181

974
529
30
592
779
1047
30
1910
1318
322

817
962
29
808
583
8
167
80
1650
384

456
978
889

684
9
299
1040
364


447
1809
650
984
324
1705
1420




399
245
38
95
39


1451
1083
676
257
123
40
64
646
40
962
1538
1

1780
476

338
1386
874
1332
1019

1817
1766
368

39
1737
1436
661
430
102
223
278
80

298
1308
267
817
764
1298
1933
496

326
123
39
235
1035
470
124

1974
124
52
34
1434
1056
967

524
413
526
299
1823
942
496
189
1970
22

40
13
128
297

1572
527

794
39
469
34

123
898
1587
681
267

1767


2036

63
628
40
928
1224
267
476
289
247
267
74
39
197
13
1457
804
142
639
1592
9
9
115
289
1796

770
1925
1739
39

138
64
1295
396

692
366
6
54
670
1573
5
1724
834
38
33
1431
626
1432
130
2011
73
701
210
115
558
913
1224

1291

317
396
1157
749

459
108
1403

1766
9
661
1602
1761
127
755


39
30
189
1420
126
1693
487

1150

189
672
993
1750

235
701
1548
768

1666
123
383
564
40
294
123
434

246

209
1142
396
1414
137
692
2042

30
59
1271
165
662
5


885
953
1063

8

672
764
359
366
1983
153

493
1436
204

1298
39
39
970
118


123

698
40
424
275
1710
476


8
282
1150
121
51
51
627
1167
562
962
123

1217
2
1832
37
314
1128
801


563
873
300
183

123
1102
1298

1666
22
504
13
189
1390
988
138
40

217

40
995
1031
1298
40
64
367

13
19
2064
39
201




1341
39
20
1164
1839
1049
1403

1578
1860
126
704
198

1686
40
64

1455
1086

1887
167
204
79
974
551
832
1538
365
777
201
8

1062

167
1422
1049
384
9

991
680
115

411
30
189
154
40
1366

1101
1290
381
719

207
1314
126

53
681

127

195
1061
767
764
167
533

1144

817
285
817
34
1123
701
1557
188
514
1357
915
305
118
457
383
437
126

1222
21

126
126
217
227
952
2014
459
1218
1258
40
928
123
962
887

22
39
646
1362

8
17

1118

1146
64
633
338
1420
536
1228
827
297

118
1403
1432
1052
578

847
808
1015
922
962
1031
699
1414
524

848
1205
934
1745
123
242
1195
193
558
1850
681
33
801

40
137
225


394
1656
39
186
13
13
1144

13
1433
39

294
823
1440
194
1666
962
927
137

1542
1685
476
1085
8
429
1234
524

1887
498

1301
367
178
40

558
367
869

250

1787
1012
348

885
592
384
319
955
1796
61
1841

473

661
1133
1063

760
558
1561
927
486
1579
29
51


1049
123
801
412
30


9
527
333
362
340
834

239


23
27
1340
1338
366
64
533
22
523
745
1607
1300
1575
470

104

551
195
1224
171
100

526
962
533
296

167
9
608
356
300
359


40
330
1298
163
367
524
113
707
9
790
794
883
1218
1059
1707
735

1044
383
287

407
834

1357
774
39
56
661
57
211
